r
143
347
537
720
910
1098
1296
1501
1697
1890
2078
2271
2459
2645
2841
3047
3239
3425
3607
3783
3962
4144
4326
4510
4694
4884
5062
5228
5398
5573
5750
5929
6112
6291
6463
6635
6809
6982
7153
7336
7525
7714
7898
8080
8258
8446
8631
8818
9015
9209
9396
9577
9754
9929
10108
10300
10486
10673
10862
11050
11229
11417
11605
11799
12003
12211
12412
12603
12798
12991
13195
13400
13554
13801
14008
14203
14389
14582
14778
14983
15185
15383
15576
15768
15955
16146
16345
16544
16751
16950
17136
17322
17519
17707
17900
18089
18279
18470
18652
18830
19012
19195
19387
19575
19765
19949
20126
20308
20489
20669
20858
21057
21257
21447
21634
21822
22011
22209
22413
22624
22827
23028
23228
23426
23620
23826
24047
24262
24463
24664
24864
25063
25262
25466
25679
25889
26085
26279
26479
26683
26895
27102
27311
27514
27716
27913
28106
28317
28528
28732
28932
29129
29321
29515
29718
29917
30121
30325
30525
30713
30903
31096
31297
31500
31700
31897
32093
32280
32465
32655
32850
33050
33246
33439
33624
33815
34001
34191
34385
34578
34771
34961
35143
35324
35513
35704
35900
36098
36297
36486
36681
36875
37066
37259
37471
37679
37873
38066
38255
38449
38642
38839
39042
39253
39447
39637
39825
40015
40208
40411
40613
40814
41011
41203
41395
41587
41780
41981
42188
42380
42570
42762
42957
43143
43337
43537
43736
43934
44123
44309
44500
44696
44896
45097
45299
45492
45687
45880
46074
46266
46473
46678
46877
47064
47254
47451
47647
47846
48050
48257
48456
48647
48837
49030
49223
49427
49629
49827
50019
50213
50405
50588
50784
50987
51191
51385
51577
51765
51961
52150
52342
52543
52739
52935
53126
53316
53498
53691
53894
54093
54289
54485
54677
54870
55058
55250
55457
55665
55860
56051
56243
56430
56619
56816
57014
57214
57413
57604
57788
57975
58165
58367
58574
58769
58964
59159
59350
59533
59726
59927
60127
60326
60516
60701
60891
61081
61273
61470
61664
61852
62042
62229
62406
62582
62769
62955
63134
63314
63494
63666
63841
64019
64196
64380
64577
64764
64951
65128
65310
65496
65688
65878
66077
66282
66482
66667
66853
67042
67234
67430
67629
67831
68026
68217
68407
68603
68801
68998
69207
69416
69612
69800
69995
70198
70406
70602
70805
71010
71209
71395
71584
71795
72008
72201
72397
72596
72796
72983
73175
73375
73582
73777
73964
74142
74323
74498
74678
74864
75055
75236
75425
75608
75787
75961
76147
76342
76539
76729
76922
77111
77302
77492
77682
77881
78084
78285
78484
78679
78869
79070
79273
79480
79685
79887
80089
80288
80485
80677
80888
81096
81291
81489
81682
81876
82071
82270
82472
82678
82882
83070
83259
83451
83650
83856
84058
84259
84471
84668
84856
85052
85254
85461
85666
85869
86063
86252
86438
86631
86830
87025
87225
87432
87630
87811
88002
88202
88415
88620
88818
89015
89150
89387
89589
89799
90009
90215
90417
90612
90801
90995
91189
91390
91594
91797
91994
92183
92372
92563
92762
92967
93168
93370
93566
93757
93948
94141
94341
94551
94761
94961
95156
95351
95551
95747
95953
96157
96368
96567
96762
96953
97160
97366
97566
97770
97973
98171
98364
98557
98758
98967
99174
99372
99570
99761
99960
100153
100359
100564
100777
100980
101172
101367
101563
101762
101967
102176
102380
102583
102781
102975
103163
103369
103583
103793
103985
104173
104371
104570
104766
104963
105169
105380
105583
105765
105953
106156
106362
106554
106752
106952
107151
107297
107525
107734
107944
108155
108357
108551
108711
108932
109131
109323
109522
109733
109941
110125
110314
110508
110713
110912
111110
111311
111515
111709
111894
112086
112240
112495
112714
112922
113118
113314
113516
113716
113920
114126
114335
114538
114732
114925
115126
115323
115528
115684
115934
116137
116339
116535
116682
116935
117156
117364
117564
117768
117966
118175
118377
118588
118802
119008
119205
119401
119601
119812
120030
120236
120445
120645
120843
121038
121238
121450
121664
121873
122074
122275
122476
122680
122881
123091
123301
123511
123707
123902
124105
124317
124530
124735
124947
125146
125350
125547
125750
125964
126178
126388
126582
126783
126983
127186
127391
127600
127811
128016
128210
128402
128601
128805
129013
129223
129425
129627
129823
130022
130223
130433
130643
130858
131059
131253
131453
131652
131857
132068
132280
132482
132684
132880
133070
133275
133478
133684
133885
134082
134275
134475
134672
134871
135085
135289
135491
135692
135836
136075
136287
136500
136710
136921
137123
137315
137514
137709
137919
138133
138339
138536
138736
138934
139084
139319
139524
139733
139938
140129
140317
140520
140716
140922
141129
141331
141538
141737
141930
142123
142336
142544
142748
142948
143144
143340
143542
143740
143946
144159
144365
144558
144745
144932
145126
145326
145530
145730
145933
146129
146315
146501
146701
146897
147101
147304
147504
147693
147887
148087
148285
148487
148701
148916
149107
149300
149502
149706
149905
150113
150329
150527
150727
150924
151127
151326
151534
151746
151952
152138
152331
152529
152730
152920
153127
153338
153541
153720
153912
154113
154325
154522
154722
154933
155135
155316
155503
155702
155913
156109
156310
156511
156709
156861
157086
157291
157503
157714
157922
158114
158304
158500
158702
158905
159105
159312
159512
159703
159897
160087
160288
160491
160700
160899
161099
161289
161488
161685
161886
162093
162302
162503
162700
162894
163090
163297
163506
163709
163917
164120
164313
164503
164703
164911
165125
165331
165530
165736
165937
166134
166340
166555
166767
166972
167169
167363
167564
167764
167970
168178
168384
168581
168780
168971
169167
169372
169584
169789
169992
170186
170383
170587
170787
170927
171183
171393
171593
171783
171981
172179
172386
172590
172794
173001
173193
173386
173585
173786
173998
174208
174417
174615
174814
175010
175214
175420
175625
175835
176039
176235
176426
176627
176830
177035
177239
177441
177642
177839
178027
178228
178438
178647
178851
179048
179245
179442
179639
179845
180053
180264
180466
180661
180855
181052
181254
181466
181678
181881
182084
182286
182478
182673
182876
183088
183293
183493
183682
183884
184080
184275
184478
184689
184892
185089
185282
185475
185678
185879
186080
186287
186489
186681
186876
187071
187273
187481
187690
187893
188051
188278
188475
188623
188863
189070
189283
189488
189680
189872
190064
190269
190480
190686
190887
191097
191292
191484
191683
191891
192102
192311
192508
192707
192911
193108
193304
193518
193726
193937
194134
194329
194525
194732
194937
195145
195353
195554
195751
195947
196144
196278
196535
196745
196951
197150
197340
197540
197743
197881
198134
198346
198554
198750
198945
199142
199352
199562
199767
199970
200176
200375
200571
200773
200987
201203
201410
201609
201815
202020
202226
202377
202633
202850
203059
203255
203455
203662
203822
204069
204279
204484
204686
204879
205075
205277
205489
205695
205900
206097
206294
206491
206691
206901
207112
207325
207526
207726
207921
208121
208328
208542
208753
208958
209159
209359
209554
209757
209961
210175
210384
210585
210729
210970
211176
211380
211588
211798
212005
212202
212392
212592
212802
213011
213172
213419
213622
213821
214014
214211
214421
214635
214841
215040
215242
215439
215639
215843
216052
216264
216471
216665
216862
217059
217256
217472
217683
217888
218095
218290
218486
218683
218891
219102
219312
219519
219714
219914
220114
220318
220529
220740
220946
221153
221348
221548
221757
221970
222179
222391
222588
222790
222988
223186
223393
223612
223818
224021
224217
224418
224619
224821
