r
148
351
555
763
979
1197
1404
1601
1800
2004
2213
2422
2637
2851
3050
3246
3447
3657
3871
4295
4501
4698
4897
5100
5314
5529
5738
5946
6150
6347
6550
6760
6980
7192
7395
7601
7802
8000
8205
8418
8635
8843
9042
9249
9451
9655
9869
10082
10297
10498
10693
10900
11104
11312
11527
11739
12150
12346
12556
12768
12976
13189
13396
13601
13797
13995
14211
14426
14636
14845
15251
15653
15873
16086
16292
16494
16693
16897
17101
17310
17532
17744
17946
18145
18346
18552
18759
18972
19190
19396
19591
19790
19995
20204
20417
20631
20845
21044
21240
21441
21651
21863
22073
22286
22492
22690
22890
23094
23311
23526
23733
23942
24144
24341
24542
24750
24969
25180
25383
25591
25794
25993
26201
26414
26630
26837
27035
27240
27442
27644
27856
28069
28285
28489
28685
28893
29098
29306
29519
29730
29941
30139
30335
30544
30754
30963
31176
31384
31589
31788
31987
32201
32413
32621
32831
33033
33235
33434
33639
33859
34073
34280
34485
34686
34889
35091
35301
35520
35732
35932
36131
36334
36538
36746
36963
37182
37388
37585
37784
37988
38195
38405
38620
39033
39232
39432
39643
39856
40067
40488
40683
40882
41085
41300
41514
41722
41932
42136
42333
42535
42745
43175
43377
43584
43784
43981
44188
44401
44619
44827
45026
45233
45435
45638
45851
46063
46279
46480
46675
46882
47087
47293
47507
47719
47930
48129
48326
48536
48745
48954
49166
49374
49577
49775
49975
50189
50402
50611
50820
51026
51228
51427
51632
51850
52061
52268
52471
52673
52877
53079
53292
53511
53721
53925
54125
54474
54679
54890
55110
55318
55517
55717
55920
56128
56339
56553
56769
56973
57169
57367
57575
57785
57997
58210
58421
58622
58819
59020
59234
59450
59658
59869
60074
60270
60470
60675
60892
61106
61313
61520
61723
61921
62126
62338
62554
62766
62967
63169
63371
63572
63782
63996
64214
64420
64618
64824
65027
65232
65445
65657
65868
66067
66263
66471
66679
66889
67104
67314
67521
67718
67915
68127
68339
68548
68758
68963
69166
69365
69565
69785
70001
70206
70412
70615
71016
71223
71444
71655
72059
72262
72465
72670
72885
73103
73311
73511
73708
73911
74118
74327
74542
74757
74960
75159
75359
75567
75780
75990
76415
76611
76809
77010
77221
77435
77645
77858
78062
78259
78462
78669
78886
79098
79305
79512
79712
79910
80115
80327
80546
80758
80958
81165
81367
81566
81777
81990
82206
82411
82606
82814
83017
83222
83437
83651
83863
84063
84259
84467
84675
84883
85096
85305
85511
85709
85907
86119
86332
86543
86753
86959
87163
87360
87562
87779
87991
88197
88402
88605
88808
89009
89217
89438
89650
89853
90054
90257
90459
90662
90876
91093
91302
91503
91703
91908
92115
92324
92539
92754
92957
93154
93353
93560
93769
93979
94196
94406
94604
94805
95007
95219
95432
95640
95854
96056
96252
96453
96658
96877
97090
97297
97507
97708
97906
98111
98322
98541
98751
98951
99157
99357
99556
99766
99981
100197
100602
100808
101009
101213
101426
101640
101851
102051
102248
102457
102664
102874
103087
103301
103506
103703
103902
104114
104326
104532
104744
104951
105153
105351
105556
105773
105986
106194
106400
106604
106803
107002
107213
107641
107847
108048
108253
108455
108659
108877
109092
109300
109501
109700
109904
110109
110316
110535
110748
110951
111151
111351
111559
111769
111977
112196
112403
112600
112800
113001
113213
113425
113634
113851
114054
114251
114452
114659
114876
115087
115293
115503
115704
116102
116316
116533
116743
116947
117155
117354
117552
117761
117976
118189
118394
118800
119000
119205
119419
119636
119846
120048
120248
120453
120657
120866
121079
121294
121498
121695
121900
122107
122316
122529
122740
122950
123149
123552
123763
123973
124186
124393
124598
124798
125212
125428
125637
125846
126047
126251
126451
126652
126872
127087
127293
127498
127698
127904
128107
128315
128537
128748
128948
129148
129348
129553
129760
129972
130193
130400
130597
130797
131000
131211
131423
131634
131850
132050
132245
132444
132653
132870
133082
133293
133502
133701
133896
134100
134315
134528
134737
134945
135147
135344
135546
135756
135976
136188
136392
136597
136798
136997
137205
137417
137635
137843
138039
138244
138450
138653
138867
139080
139295
139496
139898
140105
140312
140525
140736
140945
141144
141341
141551
141763
141973
142390
142595
142793
142992
143207
143420
143629
143837
144041
144246
144446
144871
145287
145490
145690
145892
146095
146306
146526
146736
146939
147344
147548
147756
147971
148186
148590
148788
149203
149414
149631
150044
150243
150442
150653
150865
151075
151289
151495
151691
151891
152095
152312
152526
152733
152945
153146
153545
153755
153972
154183
154386
154592
154794
154993
155202
155417
155636
155841
156039
156246
156447
156649
156860
157073
157287
157488
157686
157894
158098
158306
158520
158940
159138
159336
159544
159753
159963
160175
160385
160589
160787
160989
161203
161416
161624
161831
162037
162236
162434
162643
162859
163071
163280
163483
163687
163888
164088
164304
164519
164727
164932
165131
165334
165537
165743
165963
166178
166382
166584
166784
167197
167406
167625
167835
168032
168232
168433
168643
168855
169065
169284
169487
169683
169884
170088
170304
170514
170722
170935
171135
171332
171536
171747
171966
172176
172380
172588
172788
172984
173191
173406
173622
173828
174029
174236
174438
174640
174853
175069
175280
175482
175681
175886
176089
176296
176509
176724
176931
177131
177332
177539
177748
177959
178169
178381
178583
178779
178983
179194
179404
179616
179825
180032
180429
180641
180854
181064
181275
181478
181681
181879
182297
182513
182722
182929
183130
183333
183534
183740
183960
184175
184376
184576
184776
184982
185186
185398
185621
185830
186027
186226
186427
186635
186845
187057
187477
187673
187872
188079
188293
188508
188719
188930
189129
189324
189525
189738
189953
190163
190372
190577
190775
190975
191182
191400
191613
191819
192025
192226
192424
192629
192841
193058
193269
193470
193675
193878
194079
194292
194505
194720
194926
195121
195326
195531
195736
195951
196163
196376
196576
196772
196981
197190
197400
197613
197821
198026
198222
198420
198634
198846
199057
199269
199473
199677
199876
200077
200296
200509
200716
200920
201121
201325
201526
201734
201955
202166
202369
202570
202772
202975
203180
203394
203611
203817
204017
204216
204422
204628
204838
205056
205269
205471
205670
205868
206076
206287
206496
206712
206921
207118
207318
207521
207736
207949
208156
208371
208573
208970
209177
209393
209604
209810
210020
210220
210419
210624
210837
211055
211264
211465
211671
211870
212071
212280
212495
212712
212917
213116
213323
213525
213941
214155
214563
214763
214969
215175
215385
215600
215813
216016
216215
216417
216626
216837
217048
217257
217466
217666
217863
218069
218285
218497
218708
218914
219119
219318
219517
219731
219947
220155
220362
220563
220766
220967
221171
221391
221607
221813
222016
222215
222419
222623
222832
223051
223263
223464
223663
223864
224074
224283
224714
