r
184
400
608
819
1029
1246
1477
1697
1905
2113
2324
2532
2746
2974
3429
3649
3875
4091
4317
4551
4772
4985
5195
5403
5623
5845
6068
6292
6501
6710
6919
7138
7359
7576
7794
8000
8196
8400
8607
8818
9028
9236
9443
9643
9839
10042
10256
10473
10682
10891
11095
11297
11510
11726
11957
12177
12387
12601
12809
13013
13227
13449
13672
13882
14087
14301
14509
14722
14942
15164
15372
15571
15783
15990
16199
16416
16635
16852
17056
17263
17476
17684
17898
18112
18325
18530
18731
18939
19149
19357
19573
19989
20183
20377
20590
20802
21013
21231
21444
21653
21859
22077
22303
22525
22748
22962
23176
23387
23597
23825
24048
24262
24471
24681
24893
25107
25331
25558
25775
25984
26193
26407
26619
26838
27065
27280
27484
27689
27901
28111
28325
28545
28759
28962
29164
29365
29577
29792
30002
30223
30435
30634
30836
31044
31260
31475
31686
31895
32094
32290
32489
32702
32910
33113
33318
33515
33709
33907
34107
34320
34533
34739
34947
35151
35352
35562
35777
36000
36214
36421
36631
36836
37038
37251
37466
37677
37882
38083
38282
38479
38684
38892
39100
39298
39488
39685
39888
40095
40314
40538
40765
40989
41210
41430
41651
41871
42100
42320
42531
42734
42950
43166
43384
43605
43823
44037
44242
44460
44692
44919
45148
45366
45582
45791
46000
46231
46455
46674
46891
47104
47316
47529
48213
48430
48647
48863
49082
49312
49545
49771
49986
50199
50415
50629
50852
51082
51296
51503
51708
51921
52346
52571
52785
52985
53190
53396
53606
53820
54036
54253
54455
54651
54851
55061
55273
55483
55698
55906
56106
56309
56509
56941
57147
57364
57571
57769
57975
58186
58404
58614
58818
59022
59218
59407
59607
59817
60027
60232
60433
60632
60827
61022
61226
61437
61645
61844
62041
62242
62435
62635
62844
63057
63266
63463
63662
63865
64064
64271
64480
64689
64889
65083
65280
65477
65677
65885
66086
66288
66474
66651
66831
67020
67215
67415
67622
67828
68034
68233
68442
68668
68881
69093
69309
69519
69723
69923
70141
70365
70584
70805
71022
71236
71447
71667
71894
72115
72337
72552
72770
72983
73205
73443
73668
73887
74101
74319
74538
74759
74995
75222
75429
75640
75853
76068
76283
76508
76728
76939
77145
77353
77573
77792
78013
78235
78445
78651
78860
79081
79307
79532
79763
79982
80192
80404
80621
80845
81065
81286
81498
81706
81917
82134
82358
82580
82798
83014
83220
83426
83638
83859
84081
84291
84499
84702
84903
85113
85329
85547
85757
85955
86162
86362
86560
86769
86983
87195
87398
87599
87809
88021
88237
88460
88689
88909
89116
89331
89548
89768
89990
90209
90423
90625
90828
91044
91256
91468
91685
91901
92104
92304
92512
92720
92922
93118
93311
93507
93702
93908
94136
94374
94605
94835
95066
95293
95515
95759
95995
96221
96440
96660
96879
97096
97330
97562
97782
97996
98211
98429
98645
98872
99098
99313
99522
99732
99944
100153
100367
100591
100803
101008
101209
101421
101638
101856
102079
102303
102513
102725
102938
103164
103388
103608
103836
104049
104256
104471
104696
104921
105138
105359
105566
105768
105972
106190
106419
106641
106861
107076
107286
107503
107725
107956
108388
108605
108813
109020
109239
109467
109686
109896
110106
110311
110516
110735
110960
111189
111404
111620
111841
112059
112286
112516
112750
112969
113179
113397
113609
113823
114043
114260
114464
114665
114872
115083
115297
115517
115737
115948
116148
116352
116571
116787
117002
117217
117434
117645
117851
118070
118298
118517
118740
118952
119161
119366
119576
119805
120025
120238
120455
120669
120880
121090
121317
121537
121750
121958
122162
122369
122575
122790
123011
123224
123429
123629
123831
124033
124238
124453
124670
124875
125084
125295
125512
125735
125957
126189
126408
126614
126828
127047
127266
127485
127713
127923
128128
128336
128549
128773
128993
129210
129425
129630
129842
130056
130282
130505
130720
130938
131146
131348
131562
132006
132225
132443
132656
132871
133090
133552
133773
133987
134205
134421
134646
134876
135112
135336
135548
135775
135992
136216
136446
136678
136899
137108
137326
137542
137758
137982
138205
138418
138624
138834
139049
139270
139493
139713
139931
140138
140347
140570
140791
141014
141233
141450
141659
141859
142071
142294
142511
142727
142942
143156
143369
143586
143812
144032
144250
144460
144671
144874
145082
145307
145523
145732
145938
146139
146344
146548
146754
146969
147175
147370
147564
147760
147960
148165
148376
148592
148800
149001
149202
149411
149622
149837
150064
150281
150488
150694
150903
151123
151342
151565
151791
151997
152202
152410
152628
152847
153060
153283
153494
153693
153900
154116
154337
154555
154777
154988
155194
155402
155615
155843
156062
156275
156491
156696
156897
157107
157326
157541
157748
157952
158159
158357
158556
158770
158994
159212
159417
159626
159835
160040
160251
160465
160680
160884
161085
161294
161502
161718
161945
162170
162400
162605
162825
163044
163264
163487
163705
163922
164128
164335
164552
164768
164986
165204
165418
165620
165822
166040
166473
166690
166906
167114
167317
167533
167756
167978
168201
168413
168623
168825
169029
169252
169472
169682
169896
170106
170316
170527
170751
170977
171194
171405
171612
171821
172027
172242
172472
172691
172901
173112
173552
173775
174009
174237
174448
174658
174869
175088
175312
175539
175764
175975
176183
176395
176613
176831
177050
177273
177480
177684
177891
178109
178331
178553
178777
178992
179200
179416
179632
179858
180078
180293
180508
180715
180919
181135
181360
181581
181795
182010
182213
182417
182628
182850
183072
183283
183493
183705
183914
184129
184355
184586
184805
185013
185231
185440
185649
185867
186089
186306
186511
186716
186925
187130
187565
187785
187989
188188
188401
188614
188828
189045
189264
189475
189678
189889
190108
190326
190552
190775
190994
191202
191410
191639
191869
192082
192294
192503
192701
192897
193110
193331
193553
193773
193987
194207
194421
194651
194887
195114
195342
195560
195781
196001
196228
196465
196688
196909
197127
197348
197566
197793
198029
198254
198467
198682
198903
199125
199350
199585
199805
200018
200230
200452
200678
200906
201142
201362
201571
201784
201998
202221
202444
202669
202891
203097
203307
203526
203755
203979
204201
204422
204630
204832
205043
205270
205491
205705
205926
206136
206341
206555
206776
207004
207227
207441
207657
207865
208085
208312
208543
208762
208975
209191
209401
209612
209836
210068
210286
210497
210718
210930
211146
211370
211600
211823
212034
212252
212475
212698
212932
213162
213389
213596
213806
214025
214243
214466
214688
214909
215117
215330
215555
215781
216009
216236
216460
216680
216893
217125
217351
217580
217820
218050
218275
218492
218729
218961
219188
219413
219633
219844
220066
220303
220538
220765
220987
221214
221436
221656
221893
222120
222341
222556
222775
222996
223220
223458
223688
223902
224118
224332
224551
224778
