r
196
390
581
767
951
1138
1326
1514
1700
1888
2075
2261
2451
2636
2824
3017
3204
3393
3586
3774
3962
4151
4343
4536
4724
4920
5111
5301
5493
5683
5873
6068
6257
6446
6639
6827
7015
7203
7391
7582
7770
7958
8149
8341
8530
8716
8907
9105
9296
9491
9687
9876
10067
10258
10448
10638
10826
11016
11206
11399
11588
11773
11964
12161
12353
12548
12744
12939
13134
13325
13520
13717
13907
14101
14297
14489
14684
14876
15069
15267
15460
15659
15851
16040
16235
16426
16618
16810
17001
17195
17391
17577
17771
17963
18159
18350
18540
18737
18926
19116
19307
19497
19691
19878
20066
20259
20449
20635
20825
21013
21207
21398
21586
21781
21975
22161
22352
22540
22735
22922
23111
23310
23502
23694
23887
24080
24276
24396
24663
24856
24977
25238
25428
25617
25811
26001
26193
26385
26573
26764
26953
27145
27339
27531
27726
27918
28112
28304
28494
28689
28884
29075
29267
29460
29648
29838
30029
30221
30418
30609
30805
30998
31187
31380
31570
31763
31957
32148
32346
32540
32732
32926
33118
33312
33508
33699
33890
34083
34272
34461
34651
34841
35030
35218
35415
35603
35788
35983
36169
36364
36557
36745
36942
37134
37252
37509
37700
37888
38077
38265
38457
38645
38831
39016
39210
39403
39533
39779
39972
40160
40343
40528
40714
40901
41085
41272
41463
41647
41832
42023
42208
42401
42591
42776
42969
43155
43338
43527
43714
43900
44087
44275
44466
44654
44838
45029
45216
45408
45598
45785
45979
46166
46352
46540
46727
46917
47106
47293
47487
47674
47858
48051
48237
48428
48618
48805
48998
49187
49374
49562
49748
49936
50126
50312
50500
50687
50874
51061
51243
51434
51625
51807
51926
52184
52373
52557
52743
52927
53116
53301
53484
53676
53861
54044
54229
54416
54604
54789
54975
55165
55350
55532
55721
55905
56089
56277
56461
56648
56836
57021
57206
57393
57579
57766
57950
58139
58326
58511
58697
58878
59064
59255
59439
59625
59814
60002
60186
60375
60562
60753
60939
61129
61320
61509
61698
61882
62072
62265
62452
62642
62835
63026
63216
63406
63597
63790
63979
64170
64360
64546
64736
64919
65104
65295
65479
65671
65801
66045
66237
66355
66611
66742
66993
67179
67367
67550
67738
67918
68104
68295
68479
68665
68855
69044
69235
69426
69619
69816
70010
70203
70400
70594
70786
70976
71168
71364
71554
71748
71942
72134
72328
72450
72704
72896
73082
73199
73454
73639
73820
74002
74182
74370
74553
74739
74934
75128
75321
75516
75710
75912
76103
76296
76495
76688
76875
77066
77256
77452
77642
77833
78028
78222
78412
78601
78790
78983
79169
79357
79547
79736
79919
80108
80301
80493
80683
80874
81067
81255
81447
81632
81817
82009
82193
82375
82565
82751
82933
83117
83301
83491
83676
83860
84048
84238
84424
84609
84795
84987
85171
85355
85545
85731
85913
86098
86284
86473
86657
86842
87033
87221
87348
87591
87777
87966
88150
88332
88523
88708
88891
89081
89268
89458
89648
89835
90027
90216
90403
90592
90778
90970
91161
91350
91541
91680
91913
92103
92291
92479
92667
92853
93045
93234
93420
93539
93794
93983
94173
94359
94547
94736
94922
95112
95296
95481
95675
95858
96044
96234
96423
96603
96788
96973
97161
97345
97529
97718
97843
98088
98276
98463
98653
98840
99026
99222
99412
99597
99787
99975
100165
100353
100539
100730
100915
101096
101282
101465
101651
101836
102019
102207
102393
102573
102763
102947
103135
103327
103458
103704
103892
104079
104450
104639
104827
105012
105204
105393
105577
105766
105951
106075
106325
106510
106696
106819
107059
107245
107426
107608
107796
107978
108168
108362
108550
108682
108927
109111
109301
109486
109668
109853
110038
110219
110400
110583
110770
110949
111133
111322
111505
111686
111870
112051
112234
112418
112597
112784
112967
113148
113332
113517
113704
113890
114076
114264
114451
114579
114818
115000
115180
115366
115544
115722
115907
116090
116267
116451
116632
116757
117000
117183
117371
117553
117732
117875
118096
118277
118464
118639
118819
119004
119184
119363
119545
119728
119913
120097
120280
120410
120655
120836
121020
121200
121387
121569
121750
121936
122120
122301
122487
122608
122852
123041
123223
123410
123595
123780
123964
124330
124518
124699
124880
125068
125248
125432
125615
125796
125927
126170
126355
126544
126733
126917
127103
127293
127419
127675
127863
128061
128188
128438
128627
128814
129005
129194
129383
129573
129763
129946
130130
130318
130508
130690
130872
131063
131247
131431
131616
131800
131989
132175
132298
132548
132735
132915
133099
133280
133468
133650
133831
134021
134204
134384
134571
134756
134938
135128
135312
135498
135686
135872
136238
136426
136610
136793
136976
137162
137347
137530
137713
137895
138084
138269
138454
138579
138829
139011
139196
139380
139564
139747
139929
140117
140300
140485
140674
140858
141048
141239
141427
141552
141810
142000
142193
142382
142571
142696
142953
143151
143296
143533
143726
143914
144106
144300
144489
144687
144809
145068
145263
145455
145579
145836
146026
146219
146349
146593
146781
146967
147159
147344
147527
147720
147901
148081
148207
148447
148632
148815
148995
149182
149365
149544
149671
149910
150097
150283
150466
150654
150842
151027
151152
151410
151606
151754
151847
152119
152320
152516
152642
152900
153101
153299
153425
153691
153884
154073
154195
154453
154644
154835
155025
155223
155418
155611
155812
156009
156213
156411
156609
156811
157006
157198
157393
157579
157772
157959
158141
158334
158520
158703
158891
159079
159459
159646
159838
160026
160208
160396
160580
160775
160965
161153
161352
161475
161737
161932
162128
162518
162713
162911
163106
163296
163491
163686
163889
164082
164281
164484
164680
164875
165069
165261
165458
165652
165843
166035
166415
166604
166796
166986
167175
167371
167559
167748
167941
168133
168327
168521
168646
168905
169096
169283
169475
169659
169784
170035
170220
170410
170597
170778
170966
171154
171344
171536
171727
171919
172113
172301
172491
172682
172806
173061
173251
173448
173635
173822
174014
174203
174401
174591
174714
174972
175164
175347
175535
175722
175912
176101
176289
176486
176680
176870
177066
177262
177464
177658
177854
178056
178252
178447
178641
178836
179034
179228
179425
179619
179815
180008
180200
180321
180589
180780
180973
181168
181358
181480
181740
181929
182125
182315
182508
182632
182891
183087
183277
183405
183666
183858
184056
184248
184439
184636
184832
185031
185234
185436
185639
185841
186045
186241
186443
186647
186840
187038
187238
187430
187626
187821
188018
188214
188410
188611
188807
189004
189202
189402
189606
189750
189995
190198
190393
190584
190777
190971
191168
191364
191564
191759
191953
192154
192350
192552
192747
192938
193141
193338
193528
193723
193917
194116
194308
194503
194697
194891
195083
195271
195466
195662
195849
195967
196231
196418
196609
196797
196983
197173
197364
197551
197742
197932
198123
198313
198507
198703
198893
199091
199284
199405
199668
199858
200048
200244
200436
200629
200826
201021
201214
201411
201609
201805
201998
202200
202395
202586
202784
202977
203172
203368
203563
203764
203960
204154
204352
204550
204750
204944
205139
205339
205535
205725
205917
206109
206307
206498
206692
206888
207083
207277
207472
207597
207834
208033
208425
208618
208812
209002
209196
209392
209584
209786
209917
210171
210370
210564
210762
210955
211148
211346
211542
211735
211927
212123
212321
212514
212714
212914
213106
213307
213507
213704
213901
214097
214295
214492
214683
214874
215066
215263
215454
215643
215841
216031
216219
216412
216601
216795
216983
217172
217363
217553
217741
217925
218113
218305
218492
218676
218871
219061
219247
219440
219634
219829
220021
220213
220409
220603
220795
220985
221179
221378
221569
221763
221961
222156
222349
222544
222738
222935
223129
223325
223522
223714
223906
224096
224289
224483
224671
224864
