r
179
471
762
1056
1356
1644
1939
2227
2523
2820
3116
3408
3707
4012
4299
4596
4884
5180
5471
5758
6055
6340
6634
6920
7216
7510
7800
8099
8387
8680
8973
9257
9550
9837
10135
10426
10723
11026
11325
11628
11927
12227
12530
12830
13138
13431
13732
14026
14325
14619
14908
15203
15487
15781
16080
16367
16670
16957
17258
17549
17841
18133
18420
18719
19006
19306
19598
19893
20190
20476
20774
21061
21357
21650
21946
22241
22529
22827
23119
23409
23707
23997
24293
24590
24890
25188
25480
25786
26072
26366
26650
26945
27240
27533
27832
28101
28364
28624
28880
29137
29392
29650
29915
30185
30467
30769
31076
31388
31708
32012
32316
32622
32942
33246
33556
33861
34170
34472
34782
35090
35387
35691
35980
36274
36848
37138
37414
37717
38310
38618
38910
39215
39825
40134
40432
40744
41362
41679
41975
42279
42579
42892
43197
43510
43819
44125
44433
44737
45037
45339
45637
45940
46234
46535
46830
47130
47420
47715
48015
48301
48593
48885
49184
49475
49780
50075
50368
50664
50950
51239
51534
51826
52117
52400
52697
52995
53296
53607
53903
54209
54503
54812
55111
55422
55731
56031
56337
56632
56931
57221
57523
57818
58108
58402
58693
58988
59279
59576
59876
60165
60470
61069
61368
61660
61959
62248
62539
62831
63115
63417
63707
64011
64303
64610
64916
65210
65518
65811
66110
66405
66701
67002
67289
67595
67885
68192
68491
68792
69088
69382
69678
69963
70257
70558
70848
71144
71436
71733
72023
72307
72603
72892
73180
73480
73768
74065
74348
74650
74947
75240
75545
75838
76141
76437
76743
77043
77343
77648
77937
78238
78530
78832
79125
79416
79709
79996
80288
80584
80877
81171
81458
81752
82041
82330
82630
82918
83218
83511
83814
84103
84404
84705
85005
85319
85615
85922
86214
86519
86819
87116
87416
87705
88005
88302
88605
88910
89208
89512
89806
90107
90412
90705
91001
91305
91606
91903
92207
92503
92801
93102
93390
93687
93977
94275
94572
94862
95162
95449
95739
96030
96311
96608
96898
97196
97500
97793
98093
98385
98682
98975
99273
99568
99859
100157
100452
100750
101047
101338
101632
101915
102210
102500
102791
103085
103372
103660
103942
104234
104527
104813
105112
105398
105695
105986
106292
106592
106884
107177
107463
107759
108052
108339
108633
108923
109216
109508
109796
110095
110388
110687
110989
111284
111580
111869
112170
112462
112766
113067
113366
113668
113957
114260
114544
114843
115134
115430
115726
116017
116313
116600
116898
117188
117475
117766
118051
118350
118639
118943
119242
119534
119833
120125
120420
120718
121009
121308
121600
121899
122195
122489
122789
123076
123365
123655
123945
124242
124523
124826
125411
126003
126300
126586
126889
127181
127476
127776
128068
128366
128656
128954
129248
129537
129831
130123
130416
130712
131000
131288
131572
131860
132154
132435
132732
133017
133310
133598
133896
134194
134485
134782
135069
135359
135647
135942
136233
136515
136816
137100
137398
137694
137990
138284
138577
138871
139161
139450
139747
140033
140325
140618
140905
141193
141473
141766
142055
142348
142643
142931
143221
143502
143793
144081
144366
144661
144944
145236
145516
145816
146107
146394
146692
146982
147278
147575
147864
148161
148451
148752
149042
149334
149628
149918
150208
150501
150796
151086
151371
151669
151959
152252
152542
152835
153124
153408
153707
154289
154583
154871
155158
155454
155746
156051
156337
156640
156929
157230
157525
157826
158123
158414
158711
158995
159287
159579
159867
160153
160438
160732
161019
161312
161606
161898
162189
162479
162769
163051
163340
163631
163920
164212
164503
164793
165082
165370
165668
165952
166248
166535
166830
167114
167415
167709
168000
168299
168589
168884
169169
169463
169758
170053
170357
170645
170940
171522
171818
172108
172407
172693
172989
173279
173573
173864
174149
174438
174716
175008
175294
175595
175879
176163
176443
176717
176991
177266
177542
177820
178104
178397
178695
178991
179296
179597
179897
180193
180493
180787
181075
181373
181664
181959
182262
182556
182855
183143
183440
183729
184027
184327
184617
184914
185202
185503
185797
186089
186385
186670
186965
187257
187553
187845
188137
188432
188716
189008
189302
189593
189888
190179
190473
190768
191061
191362
191649
191950
192529
192820
193109
193405
193687
193987
194272
194563
194852
195138
195430
195708
196003
196290
196575
196867
197155
197450
197744
198034
198329
198906
199207
199495
199795
200084
200376
200953
201250
201830
202406
202702
203286
203583
203877
204171
204454
204745
205331
205632
205929
206232
206823
207122
207407
207700
208287
208586
208870
209169
209451
209745
210037
210318
210611
210898
211198
211493
211790
212088
212373
212670
213262
213556
213857
214157
214447
214744
215038
215332
215623
215914
216206
216494
216790
217087
217373
217673
217959
218251
218828
219125
219409
219701
220270
220557
220841
221133
221711
222002
222284
222573
222859
223150
223439
223724
224013
224296
224583
224874
