r
97
428
745
1011
1265
1521
1768
2026
2381
2711
3060
3388
3716
4062
4371
4673
5007
5321
5615
5922
6209
6483
6805
7089
7346
7610
7867
8218
8548
8873
9217
9534
9850
10160
10443
10763
11061
11345
11637
11951
12226
12502
12757
13004
13266
13519
13787
14128
14454
14795
15132
15434
15733
16056
16352
16652
16964
17259
17548
17877
18177
18461
18770
19087
19375
19718
20019
20304
20618
20930
21213
21527
21836
22120
22434
22712
22973
23230
23477
23729
23976
24226
24477
24729
25080
25398
25724
26068
26383
26715
27061
27369
27682
28000
28293
28603
28936
29241
29557
29890
30199
30515
30855
31153
31479
31800
32093
32405
32700
32953
33202
33457
33705
33995
34360
34695
35028
35346
35664
35997
36304
36611
36927
37217
37535
37862
38156
38476
38793
39086
39414
39736
40027
40327
40598
40845
41102
41358
41627
42003
42344
42680
43022
43328
43664
43991
44289
44601
44918
45212
45493
45804
46102
46380
46676
46948
47242
47556
47853
48168
48483
48771
49076
49357
49653
49967
50257
50841
51093
51339
51594
51844
52443
52774
53078
53428
53742
54066
54671
54982
55289
55572
55885
56195
56460
56758
57064
57343
57610
57887
58131
58379
58633
58885
59161
59484
59798
60116
60451
60752
61068
61346
61636
61920
62220
62495
62773
63071
63357
63640
63937
64189
64443
64697
64942
65204
65512
65826
66117
66421
66713
67011
67268
67521
67775
68014
68245
68489
68761
69024
69280
69558
69855
70193
70509
70843
71164
71472
71800
72104
72397
72707
72991
73249
73501
73740
73984
74240
74528
74817
75128
75441
75731
76030
76317
76578
76837
77084
77325
77568
77807
78046
78307
78635
78967
79316
79644
79951
80279
80629
80929
81258
81597
81889
82201
82519
82805
83088
83348
83607
83864
84123
84409
84752
85086
85423
85739
86051
86377
86695
86996
87318
87609
87901
88209
88491
88786
89091
89375
89648
89899
90147
90398
90638
90891
91170
91462
91828
92160
92464
92735
92997
93251
93494
93733
93963
94206
94445
94680
94926
95184
95450
95725
95986
96257
96548
96866
97190
97538
97854
98176
98520
98827
99119
99421
99686
99942
100203
100463
100783
101161
101521
101880
102209
102539
102884
103192
103510
103807
104098
104412
104698
104954
105214
105484
105791
106151
106478
106823
107138
107446
107776
108090
108369
108640
108893
109148
109415
109763
110083
110417
110753
111065
111376
111664
111979
112300
112597
112914
113227
113523
113826
114123
114414
114728
115017
115304
115634
115917
116214
116538
116826
117122
117434
117734
118023
118343
118648
118930
119239
119551
119831
120147
120459
120742
121042
121636
121928
122196
122457
122704
122950
123191
123442
123706
124050
124388
124728
125032
125338
125669
125971
126276
126602
126895
127220
127559
127843
128164
128780
129098
129438
129732
130052
130358
130651
130959
131261
131542
131851
132158
132764
133076
133361
133661
133984
134275
134597
134903
135186
135501
135790
136068
136367
136646
136915
137210
137497
137780
138084
138386
138668
138991
139304
139599
139928
140247
140533
140845
141144
141425
141730
142030
142309
142616
142952
143241
143547
143863
144161
144439
144756
145051
145297
145551
145789
146025
146269
146518
146850
147117
147385
147661
147971
148289
148586
148901
149205
149501
149807
150127
150418
150757
151101
151416
151755
152084
152405
152735
153057
153376
153681
154009
154313
154640
154965
155565
155885
156168
156446
156717
156960
157207
157451
157689
157951
158320
158669
159025
159356
159665
159989
160300
160604
160921
161219
161515
161852
162152
162485
162817
163131
163442
163767
164063
164391
164705
164991
165297
165608
165885
166189
166494
166781
167106
167426
167730
168045
168372
168664
168968
169268
169552
169829
170142
170462
170753
171014
171259
171508
171770
172078
172362
172688
173017
173291
173581
173871
174142
174428
174723
175001
175314
175619
175898
176221
176537
176827
177139
177453
177738
178061
178366
178665
178979
179287
179582
179926
180238
180565
180891
181196
181493
181837
182150
182435
182767
183088
183380
183694
183997
184268
184568
184864
185148
185465
185772
186065
186390
186683
186962
187270
187567
187848
188166
188481
188767
189095
189422
189723
190044
190368
190661
190988
191302
191583
191886
192213
192504
192789
193095
193388
193670
193988
194300
194579
194896
195199
195476
195760
196053
196319
196585
196878
197172
197444
197754
198072
198361
198679
199003
199295
199616
199942
200227
200543
200860
201135
201428
201737
202020
202327
202656
202943
203241
203548
203855
204145
204464
204777
205066
205384
205702
205982
206276
206572
206851
207136
207437
207728
208000
208283
208574
208847
209157
209488
209797
210110
210422
210705
211010
211316
211603
211885
212180
212476
212756
213067
213368
213656
213976
214280
214559
214857
215158
215448
215768
216092
216386
216684
216970
217213
217465
217931
218167
218401
218671
218948
219306
219649
219971
220314
220651
220977
221317
221626
221935
222243
222519
222810
223107
223385
223678
223972
224248
224575
224871
