r
139
508
850
1183
1519
1874
3236
3574
3914
4275
4609
4957
5304
5654
5994
6334
6683
7355
7699
8051
8723
9086
10451
11127
11476
12471
13162
13892
14244
15624
16316
16644
17336
17681
18016
18350
19023
19682
20059
20414
20749
21101
21773
22111
23537
23887
24588
24930
25955
26305
27008
27707
28051
29428
30428
31105
31437
31777
32127
32455
32779
33125
33806
34156
34508
35566
35914
36252
36605
37279
37613
38640
39689
40027
41445
42119
43139
43482
43834
44176
44857
45197
45535
46230
46562
46893
47232
47572
47907
48230
48905
49249
49599
49955
52297
52625
52953
53310
53650
54336
54701
55385
56088
56760
57125
57459
58136
58496
59174
59527
59869
60195
61914
62250
62576
62953
63301
63646
64015
64357
64695
65707
67428
67779
68107
68441
68791
69119
69469
69832
70187
70883
71250
71584
72287
72619
72947
73274
73611
73939
74271
74624
75289
76277
76599
77283
77610
78314
79006
79369
79705
80037
80387
80724
81738
82439
82781
83124
83461
83800
84502
84836
85175
85525
85851
86187
86535
87580
88283
88621
88949
89644
89992
90330
90994
91322
91648
91996
92660
93039
93383
93721
94406
94750
95439
95771
96107
96433
96808
97158
97508
97888
98566
98904
99269
99603
99937
100271
100617
100946
101953
102280
102808
103203
103901
104560
105912
106306
106660
107004
107691
108024
108367
109377
109744
110096
110439
110775
111078
111713
112022
112322
112634
112953
113574
113898
114857
115174
115504
116181
116494
117164
117492
118158
118494
119158
119862
120896
121226
121549
122570
122897
123228
123573
123904
124232
124584
124912
125238
125572
125910
126238
126564
126908
127249
127578
128586
128920
129256
129606
129936
130279
130992
131355
131707
132066
132437
133150
133859
134234
135324
135668
136027
136381
136732
137084
137775
138113
139170
139494
139810
140105
140424
140761
141082
141414
141789
142121
142301
142717
143314
143635
144328
144681
145029
145383
145726
146067
146407
147090
147771
148109
148773
149111
149455
149801
150146
150490
150826
151166
151818
152142
152476
152797
153129
153797
154117
154445
154797
155130
156484
156803
157785
158117
158782
159496
159857
160199
160534
160881
161207
161892
162611
163314
164029
164381
164732
165431
165793
166117
166453
166812
167189
167543
167902
168271
168967
169709
170062
170433
171125
172172
172525
172869
173226
173596
174328
175022
175391
176056
176664
176953
177250
177814
178105
178400
178682
178967
179256
179531
179810
180091
180949
181244
181551
181853
183146
183699
184027
184367
185029
185228
185603
186278
186613
187273
187611
188254
188576
188902
189566
189918
190271
190625
190982
192076
192445
193156
194225
195215
195557
195869
196209
196564
196928
197254
197582
197935
198572
198896
199242
199887
200920
201613
201945
202273
203338
203713
204068
204433
205150
205506
205849
206920
207291
207648
208752
209125
209484
209843
210213
210576
210933
211285
211644
211974
212293
212627
213289
214584
215240
215554
216232
216571
216914
217262
217925
218277
218603
218930
219264
219933
220252
220576
221242
221551
221861
222195
222510
222832
223502
223815
224137
224789
