r
217
469
705
946
1188
1412
1635
1861
2073
2280
2508
2754
2979
3202
3434
3656
3869
4096
4312
4520
4727
4955
5188
5410
5639
5885
6119
6345
6577
6803
7026
7252
7479
7694
7912
8147
8380
8619
8866
9099
9328
9566
9778
9985
10201
10426
10639
10864
11104
11330
11548
11762
11986
12193
12409
12645
12862
13069
13272
13484
13696
13916
14149
14360
14567
14772
14967
15151
15332
15518
15706
15898
16111
16336
16575
16819
17051
17283
17508
17725
17937
18160
18376
18594
18816
19047
19266
19483
19703
19920
20127
20332
20535
20735
20944
21168
21383
21608
21838
22059
22282
22514
22746
22965
23186
23422
23639
23860
24090
24324
24541
24751
24961
25163
25374
25598
25822
26039
26271
26500
26711
26931
27391
27591
27803
28029
28477
28711
28934
29168
29401
29624
29854
30088
30313
30774
31002
31217
31439
31666
31885
32110
32348
32787
33010
33215
33629
33854
34065
34278
34506
34719
34930
35154
35367
35580
35801
36016
36231
36466
36709
36945
37182
37426
37643
37858
38070
38281
38494
38735
38975
39209
39450
39687
39906
40129
40365
40588
40804
41024
41227
41426
41635
41844
42053
42272
42508
42731
42953
43174
43374
43565
43768
43980
44190
44391
44606
44816
45028
45250
45459
45658
45858
46076
46297
46516
46746
46996
47227
47449
47678
47899
48111
48336
48571
48797
49022
49256
49474
49686
49904
50121
50315
50508
50713
50920
51126
51340
51559
51760
51953
52159
52375
52582
52799
53039
53268
53497
53733
53953
54164
54590
55004
55225
55457
55666
55876
56100
56317
56527
56750
56957
57160
57387
57618
57840
58071
58303
58518
58731
58943
59156
59360
59580
59801
60015
60221
60444
60660
60871
61102
61328
61541
61750
61961
62166
62384
62619
62846
63061
63283
63508
63717
63927
64143
64375
64588
64795
65020
65240
65455
65679
65895
66098
66301
66504
66705
66922
67144
67358
67563
67780
68002
68207
68659
68883
69098
69319
69534
69740
70170
70387
70590
70802
71012
71232
71473
71713
71942
72184
72432
72656
72877
73106
73323
73526
73750
73961
74176
74405
74642
74866
75090
75334
75559
75789
76026
76244
76459
76875
77090
77307
77516
77717
77922
78129
78344
78582
78820
79043
79275
79729
79941
80159
80365
80568
80807
81045
81280
81524
81766
81981
82192
82403
82606
82807
83012
83230
83444
83670
83889
84094
84299
84524
84737
84948
85169
85405
85625
85837
86056
86264
86471
86707
86936
87155
87592
87799
87993
88205
88418
88633
88852
89056
89256
89461
89682
89899
90109
90334
90545
90752
90973
91205
91428
91651
91883
92112
92333
92555
92783
92992
93203
93422
93643
93858
94086
94307
94508
94707
94916
95353
95584
95823
96041
96262
96494
96719
96944
97166
97376
97590
97817
98038
98250
98471
98706
98927
99146
99376
99588
100017
100232
100444
100662
100885
101094
101309
101524
101729
101944
102393
102605
102828
103049
103262
103482
103715
103928
104143
104376
104606
104810
105024
105238
105453
105660
105881
106110
106322
106758
106975
107174
107382
107596
107801
108014
108245
108461
108672
108895
109121
109334
109549
109780
109987
110196
110407
110613
110810
111024
111242
111443
111883
112332
112557
112775
112983
113209
113453
113688
113916
114364
114586
114823
115043
115268
115492
115717
115928
116149
116385
116604
116836
117293
117518
117744
117961
118178
118416
118649
118875
119328
119541
119770
120006
120238
120473
120694
120897
121100
121307
121506
121723
121942
122159
122377
122608
122868
123105
123332
123568
123781
124001
124232
124455
124680
124914
125141
125371
125610
125829
126037
126259
126469
126668
126879
127112
127340
127559
127778
127992
128207
128438
128672
128896
129120
129356
129584
129811
130049
130275
130492
130713
130948
131160
131367
131580
131791
132002
132221
132452
132682
132926
133174
133405
133638
133875
134301
134736
134961
135202
135436
135660
135885
136104
136309
136506
136715
136908
137113
137334
137553
137778
138022
138254
138477
138700
138936
139161
139379
139608
139818
140032
140258
140483
140703
140930
141166
141385
141611
141856
142090
142307
142532
142755
142967
143196
143438
143658
143869
144089
144309
144524
144751
144979
145198
145414
145651
145875
146304
146725
146920
147126
147354
147574
147785
148012
148246
148454
148668
148883
149096
149305
149527
149766
149987
150213
150433
150631
150811
150982
151153
151325
151500
151671
151857
152051
152241
152426
152621
152817
153001
153180
153360
153540
153721
153901
154082
154270
154456
154635
154819
155011
155204
155391
155574
155762
155955
156139
156330
156551
156774
156992
157203
157399
157580
157754
157931
158118
158299
158477
158656
158856
159051
159256
159500
159738
159965
160188
160869
161098
161326
161561
161801
162032
162263
162491
162704
162912
163131
163340
163535
163718
163901
164084
164269
164450
164632
164828
165022
165215
165424
165637
165846
166078
166319
166541
166916
167094
167278
167476
167699
167930
168189
168440
168699
169209
169465
169717
169967
170222
170463
170698
170940
171168
171399
171629
171842
172055
172282
172506
172731
172959
173185
173389
173590
173793
173988
174178
174383
174582
174774
174953
175133
175317
175499
175684
175895
176129
176353
176588
176832
177057
177272
177502
177725
177936
178148
178374
178598
178825
179067
179301
179532
179777
180008
180226
180442
180654
180856
181043
181231
181418
181608
181807
182030
182262
182490
182746
182992
183219
183449
183682
183906
184117
184342
184555
184772
185000
185418
185616
185811
186008
186212
186449
186703
186931
187131
187332
187537
187996
188239
188475
188721
188969
189188
189383
189580
189780
189992
190245
190492
190721
190945
191180
191400
191627
191869
192289
192487
192672
192852
193033
193224
193426
193634
193865
194116
194355
194586
194814
195026
195244
195477
195708
195936
196162
196383
196594
196820
197033
197239
197446
197672
197875
198065
198254
198465
198678
198893
199125
199371
199574
199766
199953
200143
200353
200584
200812
201054
201321
201568
201820
202068
202297
202537
202783
203014
203238
203477
203713
203934
204158
204379
204600
205069
205313
205527
205733
205940
206144
206334
206524
206721
206928
207125
207327
207522
207709
207885
208061
208246
208430
208610
208812
209012
209213
209420
209637
209863
210079
210303
210522
210735
210952
211182
211399
211613
211844
212076
212297
212518
212750
212965
213172
213377
213582
214041
214273
214483
214692
214935
215156
215369
215586
215805
216017
216236
216457
216682
216914
217156
217376
217590
217823
218057
218270
218487
218715
218918
219113
219311
219532
219766
220000
220260
220510
220757
221242
221475
221719
221940
222143
222360
222574
222789
223016
223256
223477
223702
223939
224160
224830
