r
26
175
322
468
613
762
911
1064
1219
1377
1536
1857
2021
2186
2352
2519
2690
2865
3045
3219
3400
3578
4105
4291
4472
4651
4830
5190
5371
5968
6164
6375
6580
6779
6984
7191
7595
7806
8221
8646
8850
9062
9274
9685
9899
10103
10309
10522
10736
10939
11152
11367
11572
11975
12182
12381
12787
12994
13625
13834
14037
14249
14459
14658
14861
15070
15271
15478
15694
15914
16121
16338
16553
16762
17174
17385
17588
17795
17994
18186
18584
18777
18963
19149
19324
19499
19679
19865
20062
20273
20680
20898
21098
21305
21519
21736
21943
22162
22398
22613
22824
23058
23295
23511
23994
24221
24453
24699
24937
25154
25382
25626
25848
26064
26279
26477
26674
26877
27086
27558
27775
28000
28221
28430
28641
28857
29074
29278
29738
29969
30186
30406
30631
30840
31064
31297
31511
31728
31949
32155
32364
32582
33219
33418
33614
33805
33984
34172
34365
34563
34758
34947
35140
35344
35541
35734
35932
36131
36318
36514
36933
37135
37348
37564
37776
37972
38170
38367
38566
38756
38955
39168
39371
39573
39779
40000
40205
40632
41045
41254
41465
41662
41865
42076
42281
42678
42881
43074
43271
43474
43666
44058
44261
44463
44882
45080
45479
45674
45863
46064
46275
46476
46680
46894
47105
47306
47513
48125
48324
48533
48732
48951
49182
49399
49619
49845
50057
50263
50473
50682
50881
51287
51481
51680
51890
52125
52336
52552
52789
53027
53232
53437
53851
54295
54518
54734
54963
55198
55404
55619
55838
56242
56455
56676
56884
57112
57350
57564
57768
57975
58193
58406
58613
58828
59058
59276
59484
59699
59928
60133
60334
60541
60760
60984
61191
61410
61638
61855
62064
62279
62494
62697
62902
63118
63344
63559
63785
64012
64224
64437
64650
64876
65087
65301
65525
65945
66360
66556
66757
66965
67178
67381
67811
68023
68226
68430
68640
68850
69053
69260
69475
69681
69894
70113
70318
70513
70709
70907
71093
71279
71469
71668
71863
72067
72281
72687
72906
73127
73330
73543
73760
73957
74144
74326
74508
74685
74865
75049
75241
75434
75877
76099
76515
76729
76925
77127
77330
77525
77715
77905
78096
78278
78644
78826
79008
79195
79388
79589
79775
79965
80157
80351
80537
80733
80945
81150
81816
82019
82234
82461
82670
82879
83098
83308
83511
83726
83951
84156
84367
84584
84793
84991
85195
85406
85605
85800
86211
86407
86603
86810
87025
87418
87816
88012
88211
88423
88633
88834
89266
89482
89680
89885
90093
90303
90502
90715
90947
91168
91371
91576
91787
91988
92184
92383
92590
92785
92986
93201
93422
93619
93824
94031
94228
94428
94637
94852
95056
95274
95709
95905
96106
96307
96501
96688
96883
97090
97502
97727
97947
98150
98355
98557
98750
99134
99340
99538
99728
99923
100120
100303
100494
100688
100883
101070
101268
101673
101861
102053
102244
102433
102619
102810
103004
103185
103367
103552
103740
103922
104105
104297
104492
104679
105068
105261
105443
105629
105818
106012
106193
106383
106775
106963
107156
107348
107539
107723
107914
108107
108295
108477
108668
108865
109058
109242
109431
109640
109847
110041
110437
110627
110806
110992
111187
111380
111561
111746
111934
112126
112500
113066
113648
113838
114037
114236
114431
114625
115016
115207
115402
115602
115806
116002
116203
116406
116605
116801
117384
117584
117992
118199
118412
118619
118820
119023
119228
119424
119621
119820
120025
120636
120840
121049
121260
121464
121663
121867
122073
122271
122474
122887
123086
123297
123512
123721
123925
124517
124709
124900
125080
125258
125443
125639
125831
126025
126222
126426
126615
126809
127008
127211
127404
127607
127818
128211
128412
128615
128807
129006
129213
129412
129606
129809
130228
130435
130646
130848
131467
131664
131864
132057
132240
132422
132810
133001
133201
133412
133618
133819
134023
134227
134418
134609
134804
135000
135183
135566
135750
135937
136129
136321
136519
136703
136896
137090
137277
137461
137812
137990
138166
138344
138695
138879
139057
139236
139422
139613
139795
139988
140181
140548
140734
140924
141107
141289
141464
141633
141963
142141
142340
142531
142719
142912
143101
143285
143472
143662
144040
144234
144430
144627
144814
145205
145408
145806
146017
146230
146426
146631
146838
147045
147240
147447
147857
148053
148478
148877
149084
149289
149488
149695
149902
150107
150306
150723
150927
151130
151329
151522
151711
152109
152311
152522
152740
152953
153170
153389
153594
154004
154207
154405
154823
155023
155230
155445
155654
155859
156072
156281
156482
156689
156901
157108
157312
157525
157727
158131
158328
158533
158730
159131
159332
159529
159720
159916
160125
160335
160758
161387
161588
161984
162183
162371
162567
162764
162961
163148
163330
163512
163691
163869
164058
164258
164447
164648
164840
165043
165806
165978
166148
166321
166500
166673
166854
167230
167420
167617
167822
168011
168207
168404
168599
168997
169219
169441
169666
169899
170128
170334
170543
170756
171174
171398
171633
171844
172072
172302
172516
172740
172966
173170
173374
173591
173826
174043
174267
174502
174733
174942
175156
175380
175595
175802
176019
176252
176466
176691
176920
177143
177351
177988
178189
178392
178594
178789
178989
179201
179422
179635
179865
180107
180316
180532
180749
181156
181360
181582
181797
182029
182269
182486
182930
183162
183374
183602
183832
184059
184267
184488
184718
184945
185166
185397
185633
185867
186091
186313
186527
186932
187140
187570
187785
188011
188240
188459
188899
189119
189327
189534
189949
190158
190374
190596
190808
191023
191237
191447
191646
191853
192072
192293
192974
193183
193597
193806
194004
194625
194818
195023
195233
195433
195639
195850
196053
196256
196461
196662
196857
197059
197267
197472
197674
197879
198086
198281
198691
198889
199087
199281
199474
199666
200056
200251
200443
200643
200832
201025
201218
201410
201605
201793
201994
202207
202617
202834
203045
203242
203445
203648
203845
204263
204457
204658
204863
205076
205277
205480
205690
205892
206311
206522
206721
206922
207125
207316
207518
207724
207943
208152
208361
208573
208775
208972
209174
209381
209771
209967
210164
210541
210736
210936
211126
211322
211529
211733
211926
212125
212330
212531
212726
212933
213141
213927
214118
214316
214521
214713
214908
215104
215289
215473
215865
216059
216259
216461
216652
216841
217035
217439
217640
217846
218249
218455
218861
219250
219455
219860
220086
220291
220499
220718
220929
221146
221374
221584
221782
221977
222157
222337
222519
222711
222916
223111
223314
223522
223731
223916
224098
224275
224445
224611
224777
224945
