r
74
344
609
875
1418
1685
1949
2215
2484
2744
3008
3276
3543
3807
4072
4338
4842
5092
5350
5617
5881
6149
6427
6699
6970
7242
7517
8041
8307
8572
8836
9381
9654
9922
10197
10478
10749
11025
11301
11572
11834
12101
12371
12640
12902
13164
13432
13703
13969
14233
14504
14774
15312
15592
15860
16404
16672
16933
17475
17740
18004
18271
18541
18808
19076
19352
19627
19892
20162
20437
20707
20973
21242
21514
21783
22047
22310
22576
22837
23094
23635
23904
24168
24434
24701
24963
25478
25744
26006
26269
26537
26812
27078
27349
27624
27898
28166
28443
28720
28992
29259
29527
29791
30051
30309
30568
30832
31097
31357
31625
31889
32149
32412
32681
32947
33209
33477
33746
34007
34539
34805
35065
35332
35599
35865
36127
36394
36664
36927
37191
37455
37721
37986
38250
38517
38789
39052
39592
39857
40119
40385
40658
40922
41190
41461
41730
41996
42261
42787
43307
43574
43840
44105
44369
44640
44908
45433
45697
45961
46219
46750
47016
47549
47826
48094
48363
48637
48908
49174
49441
49713
49978
50242
50504
50764
51271
51523
51777
52027
52287
52553
52824
53092
53366
53645
53918
54186
54456
54728
54990
55254
55525
55791
56052
56313
57097
57363
57631
57894
58162
58430
58697
58957
59217
59734
59994
60258
60523
60785
61049
61315
61574
61836
62106
62379
62646
62920
63199
63469
63738
64279
64539
65068
65334
65598
65861
66126
66392
66652
66916
67180
67446
67707
67973
68240
68504
69029
69558
69816
70080
70347
70609
71145
71416
71678
71941
72205
72469
72731
73000
73271
73547
73814
74086
74360
74631
74894
75160
75428
75690
75949
76211
76482
76751
77277
77543
77798
78055
78311
78572
79089
79355
79625
79888
80160
80433
80700
80972
81241
81508
81770
82037
82307
82574
82834
83097
83363
83629
83889
84146
84412
84679
84941
85203
85467
85736
86000
86260
86528
86799
87060
87324
87588
87853
88114
88374
88640
88902
89160
89422
89684
89949
90207
90475
90746
91015
91279
91545
91809
92066
92320
92580
92843
93106
93619
93877
94131
94381
94637
94895
95412
95668
95923
96179
96433
96684
96941
97197
97713
97979
98242
98506
98773
99045
99310
99578
99844
100363
100624
100887
101142
101400
101660
101922
102177
102436
102697
102957
103476
103740
104000
104254
104517
105043
105301
105560
106082
106342
106608
106874
107136
107400
107670
108187
108443
108701
108957
109213
109473
109736
109996
110527
110789
111051
111316
111582
111848
112111
112376
112640
112901
113158
113418
113683
113949
114212
114476
114746
115011
115269
115527
115783
116033
116283
116535
116795
117053
117308
117571
117842
118105
118369
118633
118898
119156
119416
119675
119933
120185
120439
120697
120949
121203
121463
121727
121988
122250
122517
122787
123049
123318
123588
123850
124111
124376
124638
124891
125144
125398
125656
125912
126168
126433
126691
126953
127217
127486
127754
128020
128287
128549
128808
129068
129332
129594
129855
130117
130645
130908
131174
131963
132229
132492
132754
133020
133289
133551
133816
134080
134340
134597
134853
135113
135369
135629
135896
136162
136426
136688
136953
137213
137475
137742
138009
138270
138535
138799
139063
139322
139586
139849
140111
140371
140637
140904
141170
141434
141701
142486
142750
143010
143272
143541
143816
144089
144356
144629
144906
145172
145439
145707
145971
146229
146490
146756
147273
147537
147803
148064
148328
148856
149117
149383
149652
149918
150183
150451
150721
150986
151258
151529
151797
152061
152596
152860
153121
153386
153654
153916
154181
154449
154722
154988
155256
155527
155797
156328
156599
156857
157121
157383
157648
157909
158177
158453
158726
158994
159260
159527
159795
160054
160320
160588
160850
161111
161375
161639
161899
162160
162422
162685
162937
163193
163446
163705
163963
164224
164490
164760
165289
165561
165830
166098
166367
166643
166908
167176
167447
167717
167981
168252
168522
168791
169058
169596
169865
170133
170404
170680
170945
171213
171480
171750
172013
172280
172551
172818
173084
173353
173624
173891
174153
174418
174684
174951
175486
175762
176033
176297
176566
176852
177127
177398
177674
177949
178482
178746
179008
179264
179802
180073
180342
180615
180890
181164
181428
181699
181965
182232
182492
182752
183019
183285
183547
183818
184088
184352
184617
185152
185416
185676
185940
186211
186478
186752
187029
187302
187572
188117
188381
188645
188908
189174
189432
189694
189963
190233
190500
190766
191033
191301
191560
191820
192084
192355
192619
192893
193174
193457
193731
194006
194282
194553
194818
195084
195346
195601
195850
196105
196363
196625
196881
197146
197413
197676
197935
198201
198469
198738
199000
199262
199531
199799
200062
200336
200613
200877
201145
201412
201680
201943
202207
202474
202746
203010
203279
203547
203810
204069
204590
204850
205106
205367
205629
205885
206398
206658
206918
207178
207443
207713
207980
208244
208512
208779
209040
209297
209550
209809
210062
210314
210570
210832
211090
211345
211597
211849
212099
212349
212605
212875
213398
213668
213933
214199
214465
214994
215252
215508
215764
216012
216262
216514
216768
217022
217279
217537
217799
218311
218568
218834
219094
219354
219619
219887
220151
220410
220932
221185
221687
221944
222195
222451
222715
222981
223245
223516
223789
224057
224322
224848
