r
148
358
570
771
977
1189
1396
1598
1805
2012
2214
2418
2633
2855
3061
3265
3474
3683
3882
4090
4303
4524
4734
4955
5187
5413
5627
5853
6084
6301
6522
6744
6959
7164
7379
7598
7807
8018
8238
8455
8662
8875
9080
9287
9485
9690
9898
10101
10305
10515
10726
10928
11141
11358
11560
11767
11978
12189
12389
12594
12805
13011
13209
13422
13639
13847
14053
14271
14494
14703
14922
15146
15363
15572
15780
15994
16201
16412
16635
16857
17068
17285
17504
17717
17928
18149
18371
18578
18793
19010
19217
19420
19629
19838
20037
20250
20463
20670
20881
21099
21314
21522
21740
21963
22174
22385
22604
22818
23027
23242
23457
23662
23865
24076
24291
24494
24709
24928
25139
25350
25570
25799
26008
26217
26433
26640
26844
27062
27291
27506
27735
27973
28199
28422
28656
28896
29116
29338
29564
29781
29988
30207
30430
30641
30854
31072
31282
31483
31691
31903
32113
32321
32535
32754
32961
33174
33396
33607
33816
34035
34256
34467
34674
34888
35100
35517
35732
35940
36147
36359
36572
36771
36974
37182
37389
37586
37787
37990
38191
38384
38588
38793
39000
39191
39387
39576
39758
39936
40117
40306
40500
40701
40924
41156
41375
41609
41850
42074
42304
42537
42761
42972
43195
43422
43637
43856
44086
44315
44537
44768
45000
45203
45391
45580
45773
45981
46193
46398
46619
46853
47086
47305
47533
47771
47990
48219
48459
48688
48918
49156
49394
49613
49836
50057
50271
50489
50711
50937
51150
51374
51605
51826
52049
52281
52520
52737
52946
53152
53359
53557
53766
53980
54188
54400
54615
54828
55037
55252
55479
55691
55909
56129
56342
56548
56762
56977
57185
57396
57611
57822
58027
58238
58451
58653
58859
59070
59275
59478
59689
59902
60107
60323
60547
60760
60978
61199
61420
61627
61839
62064
62277
62494
62721
62935
63157
63377
63605
63820
64033
64254
64469
64676
64894
65118
65330
65547
65766
65975
66181
66396
66611
66817
67031
67249
67459
67666
67883
68100
68308
68525
68744
68957
69162
69383
69601
69809
70024
70246
70465
70671
70887
71111
71324
71535
71754
71975
72190
72404
72621
72832
73035
73246
73461
73670
73876
74092
74310
74516
74729
74947
75162
75377
75591
75793
76004
76213
76412
76619
76826
77029
77230
77441
77647
77847
78056
78272
78479
78689
78908
79117
79326
79547
79772
79985
80199
80416
80633
80838
81051
81269
81471
81666
81872
82084
82297
82499
82711
82924
83131
83336
83547
83758
83956
84160
84365
84562
84760
84964
85172
85371
85576
85789
85994
86203
86418
86642
86863
87069
87287
87504
87713
87920
88135
88351
88558
88775
89004
89228
89439
89662
89885
90101
90319
90547
90769
90980
91200
91425
91635
91848
92066
92282
92697
92912
93119
93331
93549
93763
93965
94179
94399
94609
94820
95041
95264
95474
95684
95896
96107
96310
96517
96731
96937
97141
97357
97576
97785
97994
98215
98434
98642
98847
99051
99250
99447
99658
99879
100090
100312
100547
100775
101015
101251
101484
101715
101934
102383
102602
102810
103031
103252
103465
103677
103895
104117
104328
104543
104765
104974
105183
105404
105627
105834
106047
106258
106467
106670
106877
107084
107281
107484
107695
107912
108117
108332
108555
108769
108979
109193
109412
109625
109839
110060
110271
110480
110695
110904
111103
111314
111530
111742
111943
112155
112375
112584
112807
113034
113249
113468
113688
113908
114119
114334
114551
114754
114965
115188
115398
115609
115831
116056
116267
116482
116701
116914
117119
117326
117533
117733
117931
118144
118359
118564
118787
119015
119230
119455
119681
119906
120117
120337
120564
120781
121002
121228
121443
121662
121885
122106
122316
122535
122762
122976
123193
123420
123641
123844
124056
124272
124475
124677
124887
125098
125303
125512
125727
125933
126131
126338
126550
126754
126963
127180
127389
127590
127803
128012
128214
128418
128629
128840
129037
129246
129457
129664
129871
130084
130299
130504
130716
130935
131145
131346
131551
131758
131957
132158
132363
132564
132760
132963
133179
133383
133592
133807
134012
134220
134434
134641
134844
135053
135267
135473
135681
135896
136102
136305
136519
136738
136947
137158
137379
137599
137808
138029
138252
138465
138682
138902
139113
139319
139529
139744
139951
140158
140378
140605
140820
141035
141260
141478
141685
141902
142131
142344
142563
142787
143006
143216
143432
143654
143868
144082
144304
144517
144721
144936
145152
145361
145566
145774
145980
146174
146377
146582
146779
146978
147191
147408
147615
147822
148033
148242
148441
148643
148855
149063
149262
149469
149679
149884
150084
150295
150513
150719
150926
151137
151349
151555
151766
151982
152189
152401
152625
152834
153041
153256
153478
153687
153898
154113
154326
154533
154754
154982
155201
155422
155646
155863
156072
156287
156506
156716
156922
157139
157355
157564
157773
157988
158203
158406
158617
158832
159035
159236
159447
159660
159861
160072
160287
160490
160697
160908
161125
161322
161523
161728
161924
162121
162332
162557
162770
162990
163216
163438
163656
163881
164104
164316
164535
164760
164969
165184
165399
165608
165817
166035
166250
166459
166683
166908
167121
167342
167564
167777
167988
168209
168428
168637
168851
169070
169280
169490
169709
169926
170135
170346
170561
170769
170977
171197
171414
171621
171836
172055
172264
172472
172689
172906
173109
173320
173533
173742
173945
174155
174365
174567
174770
174980
175184
175383
175586
175797
176002
176203
176416
176629
176836
177047
177263
177477
177680
177893
178112
178320
178530
178742
178949
179147
179349
179553
179749
179959
180170
180376
180582
180799
181017
181221
181430
181643
181851
182053
182265
182484
182695
182907
183125
183342
183547
183758
183978
184187
184396
184617
184843
185053
185274
185499
185716
185920
186129
186344
186551
186758
186972
187189
187395
187609
187826
188037
188244
188457
188672
188874
189088
189308
189516
189726
189941
190154
190362
190572
190779
190979
191172
191371
191574
191772
191967
192174
192389
192603
192809
193024
193242
193461
193670
193889
194109
194316
194527
194744
194959
195160
195375
195593
195799
196007
196220
196432
196637
196849
197068
197275
197478
197693
197910
198117
198324
198535
198749
198953
199158
199365
199568
199764
199969
200176
200377
200575
200785
201004
201217
201424
201643
201863
202071
202283
202494
202703
202902
203108
203320
203521
203723
203930
204139
204338
204537
204736
204934
205127
205328
205531
205738
205937
206148
206359
206566
206769
206980
207194
207396
207603
207814
208016
208220
208431
208638
208839
209049
209265
209469
209674
209886
210102
210307
210513
210726
210935
211135
211345
211560
211767
211970
212179
212385
212582
212787
212996
213197
213400
213609
213826
214031
214242
214461
214674
214881
215090
215307
215517
215723
215936
216150
216353
216559
216766
216973
217170
217374
217580
217781
217979
218184
218396
218601
218802
219014
219227
219430
219629
219830
220037
220240
220437
220643
220856
221062
221263
221484
221699
221912
222114
222314
222514
222705
222887
223068
223251
223428
223605
223779
223951
224125
224300
224478
224656
224836
