r
59
471
674
882
1090
1512
1723
1931
2141
2350
2558
2766
2973
3185
3395
3604
3816
4027
4242
4450
4657
4863
5272
5478
5684
5896
6116
6328
6545
6761
6980
7192
7403
7613
7820
8023
8226
8428
8629
8836
9041
9249
9468
9684
9904
10114
10327
10541
10754
10971
11182
11389
11595
12006
12213
12416
12626
12836
13043
13249
13457
13677
13889
14109
14336
14563
14791
15008
15226
15439
15649
15857
16060
16260
16459
16656
16855
17058
17261
17683
17895
18111
18326
18541
18961
19171
19380
19593
19805
20012
20217
20420
20625
20825
21027
21230
21437
21654
21865
22086
22306
22530
22741
22955
23168
23379
23588
23795
24002
24207
24416
24836
25047
25267
25481
25693
25907
26117
26331
26544
26754
26964
27172
27379
27588
27795
28004
28213
28426
28642
28856
29072
29289
29512
29722
29932
30144
30354
30564
30772
30978
31183
31389
31594
31799
32004
32207
32414
32617
32820
33027
33235
33453
33660
33874
34097
34307
34516
34726
34935
35152
35364
35588
36042
36273
36494
36939
37160
37374
37791
37995
38198
38398
38596
38793
38992
39194
39402
39612
39834
40047
40272
40485
40701
40918
41134
41346
41555
41764
41971
42177
42383
42588
42794
42999
43207
43414
43625
44043
44461
44666
44875
45082
45289
45496
45705
45914
46124
46336
46549
46760
46971
47179
47385
47587
47789
47990
48191
48396
48604
48824
49033
49249
49473
49685
50539
50750
50959
51166
51375
51580
51785
51988
52193
52397
52604
52808
53014
53232
53453
53682
53915
54155
54391
54624
54843
55064
55283
55500
55709
55914
56117
56317
56518
56718
56918
57122
57326
57532
57738
57943
58150
58354
58559
58761
58965
59168
59375
59577
59780
59984
60186
60388
60590
60791
60994
61199
61404
61609
61812
62016
62217
62420
62624
62830
63035
63244
63666
63877
64088
64507
64715
64922
65127
65334
65541
65750
65955
66176
66396
66615
66842
67066
67293
67506
67725
67940
68153
68364
68570
68779
68990
69201
69410
69619
69828
70039
70252
70463
70672
70879
71088
71299
71507
71713
71916
72119
72324
72526
72726
72928
73130
73330
73533
73738
73947
74166
74377
74592
74806
75228
75645
75851
76059
76267
76475
76683
77099
77305
77511
77717
77922
78127
78330
78533
78738
78944
79150
79355
79563
79769
79974
80178
80383
80588
80791
80993
81193
81396
81596
81795
81994
82195
82397
82600
82803
83008
83216
83422
83630
83834
84041
84246
84455
84662
84870
85080
85291
85496
85702
85910
86115
86322
86531
86738
86943
87144
87345
87547
87751
87953
88160
88365
88570
88777
88985
89193
89399
89605
89812
90017
90222
90430
90636
90840
91043
91244
91447
91650
91853
92056
92262
92469
92674
92882
93093
93303
93509
93717
93924
94133
94340
94545
94752
94957
95160
95367
95572
95779
95984
96188
96389
96595
96799
97002
97209
97414
97621
97826
98033
98243
98453
98662
98875
99074
99277
99479
99680
99882
100088
100295
100500
100707
100914
101121
101533
101738
101945
102151
102354
102557
102760
102968
103177
103381
103791
104000
104203
104406
104610
104813
105020
105224
105428
105629
105836
106039
106244
106448
106654
106860
107065
107275
107485
107695
107906
108119
108332
108543
108964
109174
109387
109596
109805
110010
110216
110422
110627
110829
111031
111236
111439
111643
111848
112053
112259
112465
112668
112869
113076
113283
113490
113697
113906
114116
114327
114536
114743
114947
115151
115357
115564
115770
115976
116179
116381
116584
116787
116990
117195
117402
117607
117810
118013
118218
118424
118627
118830
119030
119233
119434
119637
119843
120059
120268
120480
120689
120899
121107
121312
121518
121724
121927
122128
122332
122535
122736
122939
123141
123342
123545
123749
123955
124158
124365
124574
124785
124996
125205
125411
125613
125813
126011
126209
126406
126603
126801
127004
127221
127438
127652
127877
128090
128306
128518
128729
128940
129148
129355
129562
129767
129973
130180
130387
130592
130799
131004
131212
131419
131627
131836
132046
132256
132467
132675
132883
133086
133289
133492
133693
133895
134096
134299
134499
134701
134902
135105
135310
135516
135722
135930
136137
136549
136752
136957
137160
137363
137567
137771
137979
138186
138392
138598
138806
139012
139216
139420
139620
139821
140021
140224
140424
140631
140836
141041
141252
141463
141877
142080
142281
142481
142679
142877
143076
143278
143482
143687
143898
144117
144328
144539
144754
145179
145387
145592
145796
145995
146195
146393
146592
146789
146988
147186
147385
147589
147805
148015
148445
148658
148868
149079
149287
149492
149697
149900
150101
150305
150509
150713
150914
151116
151321
151524
151725
151929
152131
152334
152535
152735
152934
153133
153332
153529
153729
153929
154131
154334
154537
154742
154945
155147
155349
155552
155760
155980
156191
156403
156626
156836
157050
157263
157477
157692
157904
158114
158526
158732
158935
159138
159343
159553
159759
159967
160172
160379
160584
160791
160994
161197
161399
161602
161806
162010
162220
162428
162845
163054
163263
163471
163678
163885
164088
164291
164492
164695
164899
165104
165309
165514
165718
165921
166124
166329
166532
166736
166939
167141
167340
167543
167746
167953
168162
168375
168797
169008
169215
169422
169627
169832
170037
170240
170447
170654
170864
171076
171285
171496
171705
171912
172118
172322
172527
172729
172931
173135
173338
173543
173746
173949
174152
174355
174559
174762
174965
175170
175377
175582
175785
175992
176197
176403
176607
176814
177020
177223
177427
177632
177836
178039
178244
178444
178647
178848
179047
179246
179447
179650
179856
180066
180287
180504
180933
181145
181355
181559
181760
181957
182152
182346
182541
182743
182946
183152
183362
183586
183791
184221
184437
184652
184869
185082
185299
185510
185721
185932
186146
186355
186559
186766
186970
187174
187377
187580
187783
188197
188404
188611
188819
189029
189236
189445
189652
189859
190066
190276
190484
190692
190900
191107
191314
191519
191727
191933
192139
192340
192545
192750
192951
193151
193351
193555
193760
193967
194174
194381
194588
194791
194993
195199
195399
195601
195802
196006
196432
196651
196865
197089
197299
197512
197726
198146
198353
198766
198970
199176
199377
199580
199781
199987
200194
200400
200608
200816
201023
201232
201439
201647
201851
202055
202256
202457
202658
202859
203058
203258
203464
203672
204091
204515
204725
204935
205144
205351
205555
205758
205963
206168
206370
206572
206777
206983
207189
207394
207597
207801
208004
208207
208409
208609
208811
209014
209221
209640
209852
210062
210272
210485
210695
210904
211111
211317
211523
211727
211928
212128
212328
212529
212726
212923
213125
213324
213525
213729
213935
214140
214344
214547
214752
214953
215156
215356
215557
215759
215957
216156
216354
216555
216758
216959
217160
217359
217564
217765
217965
218164
218362
218562
218762
219162
219365
219571
219777
219980
220186
220393
220597
220801
221006
221205
221404
221601
221800
222007
222228
222439
222880
223098
223315
223529
223744
223954
224162
224369
224574
224777
