r
187
407
625
867
1160
1447
1677
1894
2116
2631
2869
3082
3311
3576
3836
4055
4274
4539
4820
5100
5571
5853
6133
6355
6561
6776
7041
7324
7551
7795
8131
8426
8648
8867
9107
9392
9658
9881
10101
10360
10646
10920
11146
11361
11608
11878
12400
12613
12840
13098
13338
13553
13775
14037
14330
14580
14805
15061
15338
15830
16049
16287
16531
16824
17067
17299
17572
17865
18107
18611
18889
19131
19344
19568
19847
20099
20318
20556
20865
21146
21374
21598
21869
22150
22381
22594
22819
23075
23313
23531
23758
24027
24313
24543
24746
24941
25131
25318
25501
25682
25860
26037
26213
26386
26560
26730
26901
27074
27243
27416
27586
27756
27925
28092
28262
28431
28607
28791
28983
29170
29352
29533
29715
29894
30074
30256
30442
30846
31053
31270
31613
31943
32252
32504
32783
33094
33385
33615
33838
34401
34689
34918
35148
35406
35723
35969
36191
36426
36750
37051
37281
37488
37701
38033
38328
38560
38765
38970
39182
39396
39740
40088
40416
40652
40865
41203
41492
41735
41949
42177
42508
42799
43050
43265
43492
43816
44107
44584
44899
45197
45450
45666
45887
46141
46442
46707
46931
47445
47757
47990
48217
48487
48816
49127
49359
49582
49912
50207
50681
50887
51096
51320
51568
52009
52340
52641
52881
53088
53297
53621
53912
54143
54369
54613
54906
55205
55451
55674
56305
56555
56762
56965
57170
57408
57626
57841
58194
58522
58765
59035
59318
59594
59824
60037
60266
60553
60856
61091
61289
61484
61679
61875
62064
62260
62465
62683
62908
63152
63500
63820
64101
64375
64699
64961
65201
65414
65848
66148
66408
66637
66892
67501
67745
67963
68187
68508
68785
69004
69207
69420
69752
70002
70221
70500
70830
71131
71359
71568
71772
71969
72160
72348
72533
72724
72916
73109
73303
73502
73701
73896
74103
74316
74520
74728
74951
75191
75411
75627
75903
76213
76490
76709
76926
77186
77471
77738
78143
78334
78520
78732
78962
79160
79354
79555
79758
79959
80164
80371
80572
80774
80966
81156
81342
81521
81695
81867
82035
82199
82361
82523
82683
82843
83004
83168
83338
83525
83751
84002
84225
84496
84790
85084
85340
85559
85760
85963
86226
86447
86717
87018
87304
87539
87762
88039
88332
88621
89107
89418
89719
90010
90271
90490
90695
90973
91291
91759
91959
92172
92506
92810
93271
93478
93736
94043
94264
94479
94816
95125
95361
95572
95817
96124
96362
96574
96797
97119
97410
97636
97844
98068
98350
98635
98861
99097
99318
99558
100124
100449
100705
100914
101145
101483
101803
102071
102367
102697
103000
103238
103451
103785
104078
104321
104537
104756
104982
105219
105476
105699
105910
106157
106428
106703
106918
107127
107354
107592
107863
108076
108295
108526
108768
109009
109220
109431
109949
110184
110393
110613
110922
111227
111478
111926
112178
112438
112660
112904
113207
113500
113729
113935
114140
114375
114703
115004
115233
115471
115791
116074
116322
116543
116764
117106
117436
117701
117916
118147
118475
118767
118990
119463
119774
120037
120251
120449
120639
120834
121027
121221
121635
121847
122053
122256
122494
122782
123003
123287
123602
123902
124146
124410
124696
124974
125225
125444
125650
125881
126187
126463
126695
126904
127126
127455
127744
128002
128220
128432
128674
128908
129129
129340
129594
129889
130408
130627
130866
131158
131424
131639
131842
132059
132383
132683
132924
133133
133353
133650
133879
134096
134414
134711
134984
135215
135416
135615
135824
136055
136313
136537
136769
137108
137408
137651
137857
138058
138283
138553
138829
139056
139393
139707
139973
140201
140443
140740
141025
141261
141501
141781
142066
142312
142547
142826
143133
143408
143647
143902
144188
144691
144892
145504
145711
145916
146136
146396
146609
146814
147016
147215
147414
147608
147799
147990
148180
148367
148554
148738
148919
149287
149465
149645
149828
150023
150229
150451
150664
150877
151134
151418
151728
152010
152232
152438
152639
152842
153031
153220
153411
153625
153824
154027
154251
154683
154926
155143
155486
155811
156076
156396
156691
156949
157193
157412
157644
157978
158272
158514
158766
159062
159291
159531
159764
160101
160416
160658
160898
161219
161521
161768
162215
162501
162797
163030
163258
163537
163854
164141
164377
164904
165176
165396
165605
165838
166162
166451
166683
166904
167137
167463
167783
168018
168224
168443
168697
168968
169191
169396
169643
169961
170193
170412
170631
170853
171051
171246
171652
171861
172063
172277
172510
172726
173289
173599
173847
174164
174478
174744
174973
175209
175490
175768
176214
176430
176687
176996
177275
177734
178067
178357
178590
178820
179146
179471
179723
180183
180514
180819
181053
181277
181576
181857
182315
182641
182944
183215
183433
183869
184193
184490
184738
184967
185291
185597
185879
186107
186322
186563
186869
187149
187371
187568
187761
187963
188164
188552
188754
188953
189150
189355
189555
189754
190158
190357
190568
190799
191035
191252
191465
191680
191898
192115
192334
192641
192947
193229
193455
193678
193960
194266
194551
194781
195000
195347
195662
196199
196422
196764
197049
197281
197500
197727
198064
198375
198637
198863
199070
199353
199668
199951
200182
200397
200617
200900
201164
201608
201939
202244
202479
202719
203035
203330
203578
203797
204027
204371
204664
204895
205108
205342
205674
205981
206257
206490
206731
206994
207281
207521
207758
208028
208327
208570
208789
209028
209309
209568
209789
210022
210316
210626
210914
211158
211369
211584
211856
212142
212401
212625
213139
213440
213722
213931
214121
214309
214500
214701
214906
215101
215297
215510
215746
215961
216191
216420
216633
216857
217164
217457
217754
218017
218262
218537
218814
219092
219359
219608
219830
220037
220234
220754
221037
221251
221445
221635
221826
222018
222207
222397
222601
222813
223016
223214
223416
223613
223822
224039
224242
224449
224672
224929
