r
187
416
652
886
1121
1345
1572
1816
2066
2310
2537
2749
2971
3199
3427
3662
3875
4076
4267
4465
4683
4916
5173
5418
5648
5874
6298
6734
6957
7199
7445
7673
7895
8109
8568
8816
9054
9510
9974
10730
11178
11422
11652
11879
12543
12978
13203
13420
13652
13883
14102
14326
14558
14781
15007
15240
15695
15935
16164
16392
16625
16838
17055
17285
17509
17732
17965
18187
18406
19043
19263
19482
19710
19940
20164
20388
20619
21052
21265
21683
22125
22338
22558
22773
22994
23210
23813
24242
24457
24681
24904
25119
25336
25558
25778
25999
26232
26455
26910
27129
27359
27603
27847
28090
28322
28539
28988
29214
29451
29914
30142
30361
30593
30851
31360
31828
32056
32303
32539
32773
33500
34175
34414
34646
34877
35105
35326
35543
35765
35974
36362
36548
36722
36898
37093
37371
37853
38078
38291
38499
38705
38906
39121
39350
39588
39830
40074
40304
40521
40727
40931
41132
41336
41546
41771
41996
42228
42467
42689
42906
43133
43348
44009
44230
44892
45121
45343
45562
45783
46002
46222
46455
46687
47387
47613
47840
48068
48283
48496
49420
49650
49869
50084
50287
50492
50707
51136
51363
51793
52015
52670
53299
53525
53756
54629
55080
55308
55546
55793
56236
56691
57611
57846
58316
58775
59005
59218
59437
59885
60107
60334
61003
61441
61674
61904
62128
63021
63250
63699
63933
64394
64628
64863
65080
66015
67343
67752
67984
68222
68453
68658
69480
69699
69933
70168
70389
70611
70830
71041
71258
71492
71724
72174
72625
72846
73295
73514
73742
73965
74189
74425
74658
74877
75779
76240
76451
76671
76900
77328
77529
77730
78166
78396
78627
79316
79763
80216
80677
80910
81136
81347
81556
82422
82881
83103
83328
83543
83757
83979
84865
85330
85564
85793
86470
86691
86916
87150
87380
87601
87826
88049
88256
88674
89353
89597
90048
90277
90496
91182
91871
92545
92757
92964
93385
93586
93785
94396
94615
94840
95080
95308
95966
96394
96867
97097
97339
97588
98504
99210
99435
99658
99897
100365
100838
101078
101306
101797
102492
102715
103167
103406
103632
103861
104328
104771
105006
105234
105467
105953
106183
106428
106680
107129
107593
107812
108034
108263
108482
108697
108916
109121
109703
109888
110271
110818
111010
111211
111406
111814
112025
112232
112444
112671
112892
113115
113353
113611
113855
114098
114328
114550
114780
115006
115242
115494
115734
115976
116211
116436
116664
116902
117127
117357
117601
117840
118070
118306
118535
118990
119228
119451
119668
120107
120328
120562
120793
121017
121257
121500
121718
121940
122179
122407
122626
122853
123093
123323
123556
123796
124031
124490
124721
124941
125173
125422
125660
125886
126117
126539
126735
127152
127543
128271
129211
129648
129879
130121
130580
130824
131283
131499
131705
131908
132130
132378
132641
132881
133109
133566
134000
134925
135424
135654
135883
136124
136365
136593
137086
137564
137814
138293
138511
138734
139175
139416
139656
139888
140125
140801
141031
141504
141751
141986
142201
142412
142845
143566
143799
144014
144217
144588
144976
145412
145857
146050
146226
146568
147150
147847
148084
148301
148515
148732
149349
149580
150046
150767
150990
151209
151861
152099
152333
152566
154593
155285
155504
155750
156002
156468
156896
157371
157625
158521
158982
159195
159410
159650
160328
160961
161193
161847
162062
163197
163636
163840
164453
164666
165107
165328
165775
165992
166447
166877
167103
167328
167785
168683
168906
169353
170008
170232
171129
171569
171783
171990
172217
172943
173628
173845
174061
175453
175675
175902
176134
176580
177245
177709
177938
178166
178632
179083
179765
179999
180689
180933
181383
182795
183033
183260
183480
183955
184179
184406
185084
185320
185562
185789
186492
187179
187611
187845
188289
188516
188738
189174
189404
189624
190291
190742
190972
191191
191406
191874
192318
192783
193195
193566
193754
193951
194158
194363
194564
194756
194961
195158
195347
195535
195722
195906
196097
196299
196496
196687
196880
197463
197646
197999
198374
199124
199570
199994
200199
200843
201066
201504
201949
202840
203050
203260
203474
203685
203902
204375
204603
204841
205289
205515
206172
206396
206611
207051
207468
207675
207877
208068
208268
208474
209115
209988
210429
210648
210871
211515
211750
211966
212188
212639
212849
213064
213281
213488
213918
215015
215230
215455
216103
216509
216933
217162
217605
218019
218455
218670
219113
219328
219531
219739
219955
220168
220384
220830
221064
221295
221507
221937
222378
222875
223101
223318
223525
223726
224145
224617
224851
