r
168
457
733
976
1224
1570
1861
2115
2385
2658
2924
3170
3425
3690
3957
4203
4457
4720
4981
5232
5492
5754
6009
6252
6486
6744
7000
7238
7478
7742
8230
8499
8761
9011
9252
9506
9761
10017
10262
10496
11013
11258
11500
11756
12004
12244
12494
12749
13003
13250
13494
13979
14211
14449
14691
14924
15150
15398
15648
15885
16109
16352
17063
17297
17544
17791
18031
18268
18519
18771
19006
19239
19490
19744
19992
20496
20764
21010
21524
21771
22016
22280
22541
22783
23030
23288
23553
23798
24039
24549
24795
25027
25517
25754
25980
26203
26420
26646
26881
27341
27566
27804
28047
28514
28976
29455
29910
30146
30381
30607
30830
31064
31306
31535
31756
31987
32260
32521
33025
33285
34037
34293
34552
34800
35568
36320
36572
36817
37068
37320
37566
37799
38065
38567
39590
40093
40342
40588
40824
41055
41297
42287
42535
43019
43287
43547
43785
44020
44267
45217
45698
46180
46428
46673
46910
47160
47414
47658
48636
48876
49613
49834
50236
50434
50634
50894
51194
51465
51713
51980
52254
52511
53035
53300
53553
53813
54080
54597
54851
55118
55377
55633
55884
56128
56400
56670
56924
57184
57455
57719
57963
58211
58480
58750
58994
59246
59508
59769
60262
60525
60795
61045
61306
61565
61814
62313
62564
62802
63045
63293
63541
63773
64004
64242
65158
65414
65929
66164
66411
66670
66912
67145
67396
67640
67885
68121
68369
68617
68851
69089
69340
69842
70088
70616
71096
71355
71603
72358
72596
72842
73340
73582
73816
74064
74322
74578
74830
75096
75349
75603
76121
76375
76633
76900
77148
77404
77666
77910
78164
78431
78680
78918
79434
79677
79920
80179
80422
80898
81152
81406
81648
81894
82142
82383
82637
83135
83383
83646
83898
84138
84388
84649
84896
85135
85388
85648
86652
86896
87130
87377
87847
88103
88844
89847
90096
90821
91753
91982
92220
92449
92670
92901
93133
93357
93582
93817
94048
94269
94486
94715
94946
95168
95390
95853
96078
96297
96522
96746
97197
97412
97631
97856
98078
98519
98749
98968
99193
99427
99890
100115
100584
100806
101029
101266
101742
101959
102189
102423
102653
102872
103086
103305
103533
103771
104000
104228
104703
105162
105626
105860
106086
106322
106586
106851
107333
107588
107836
108074
108311
108551
108795
109033
109257
109492
109736
109980
110209
110438
110920
111153
111371
111828
112314
113000
113232
113459
113910
114152
114381
114601
114836
115080
115321
115550
115781
116250
116699
116934
117170
117398
117617
117847
118557
118785
119023
119272
119504
119730
119961
120183
120403
120619
120857
121342
121567
121797
122265
122492
122990
123246
123723
123969
124201
124432
124668
124908
125142
125627
125885
126124
126371
126621
126863
127359
127598
127840
128081
128328
128567
128797
129287
129530
129763
130009
130259
130738
131216
131457
131699
131935
132186
132443
132686
132933
133189
133433
133937
134179
134434
134927
135175
135914
136143
136379
136626
136859
137308
138563
138804
139039
139541
139779
140012
140260
140510
140744
140969
141203
141449
141693
141922
142162
142425
142678
142914
143152
143402
143660
143906
144148
144646
144889
145149
145404
145643
146142
146396
146641
147399
147882
148148
148402
149144
149392
149876
150369
150603
150853
151600
151826
152063
152310
152547
152773
153020
153279
153532
153771
154026
154281
154520
154999
155469
155697
155933
156418
156650
156902
157392
157877
158125
158362
158603
158847
159096
159332
159569
159817
160076
160322
160564
160820
161059
161309
161568
161815
162061
162320
162574
162818
163068
163324
164060
164320
164572
164813
165053
165307
165560
165800
166037
166279
166984
167222
167935
168407
168633
168863
169095
169320
169539
169764
169996
170230
170713
170953
171199
171672
171924
172170
172402
172641
173127
173594
173838
174076
174299
174530
174999
175224
175446
175679
175916
176152
176374
176861
177100
177330
177571
178049
178281
178523
179018
179254
179487
179959
180193
180420
180646
180882
181129
181613
182345
182597
183092
183341
183580
183816
184547
185014
185515
185750
185973
186449
186695
186922
187148
187609
187892
188145
188388
188908
189162
189410
189649
189896
190142
190377
190608
190846
191342
191574
191826
192316
192554
193281
193512
194012
194252
194494
194744
194988
195238
195472
195699
196191
196440
196672
196914
197170
197908
198152
198384
198624
198867
199098
199326
199822
200543
200777
201008
201490
201719
201950
202188
202429
202654
202879
203113
203591
204076
204330
204568
204810
205069
205551
205799
206040
206279
206504
206736
207223
207457
207687
207933
208166
208634
209924
210168
210424
210945
211191
211443
211695
212187
212431
212918
213177
213420
213671
213926
214181
214691
215453
215691
215943
216203
216699
216953
217209
217455
217693
217942
218188
218428
218662
218904
219155
219402
219640
219889
220381
220637
221133
221635
221887
222124
222602
222849
223087
223799
224037
224263
224496
