r
230
559
857
1124
1432
1752
2061
2340
2639
2955
3244
3504
3799
4100
4394
4668
4973
5289
5588
5857
6160
6467
6744
7002
7295
7609
7897
8154
8398
8682
8986
9285
9566
9902
10230
10836
11141
11428
11697
11961
12244
12529
12799
13064
13398
13691
13963
14266
14548
14815
15113
15423
15703
16002
16301
16557
16797
17066
17374
17656
18148
18433
18721
18979
19220
19476
19762
20037
20283
20520
20779
21045
21322
21574
21814
22090
22388
22688
22960
23228
23531
23822
24082
24332
24627
24926
25213
25477
25736
26039
26332
26859
27174
27482
27768
28025
28256
28476
28691
28921
29328
29699
30047
30416
30754
31072
31404
31750
32074
32369
32695
33009
33293
33603
33918
34211
34462
34716
35041
35354
35629
35887
36201
36512
36801
37068
37350
37656
37947
38209
38459
38765
39065
39348
39602
39867
40165
40449
40697
40951
41231
41512
42024
42314
42598
42855
43125
43424
43703
43953
44220
44523
44803
45053
45339
45635
45887
46133
46436
46750
47025
47271
47549
47865
48174
48461
48774
49090
49392
49669
49965
50267
50561
50819
51115
51438
51758
52054
52322
52640
52943
53233
53485
53744
54043
54356
54643
54898
55179
55471
55779
56052
56297
56576
56862
57144
57393
57629
57906
58210
58514
58781
59084
59381
59647
59902
60219
60529
60808
61070
61379
61680
61959
62205
62808
63109
63371
63625
63941
64258
64568
64838
65137
65455
65735
66006
66318
66650
66967
67270
67590
67902
68199
68471
68754
69057
69352
69626
69928
70234
70523
70795
71080
71381
71664
71916
72170
72484
72787
73074
73340
73649
73941
74237
74521
74832
75140
75430
75968
76282
76558
76803
77078
77374
77641
77879
78151
78453
78727
78980
79268
79572
79832
80076
80343
80636
80898
81147
81455
81754
82010
82293
82578
82871
83146
83414
83723
84035
84316
84594
84912
85232
85539
85844
86164
86478
86777
87058
87366
87685
87990
88268
88559
88867
89166
89430
89708
90023
90328
90607
90890
91212
91507
91770
92079
92400
92693
92955
93249
93567
93879
94160
94469
94799
95098
95367
95676
95990
96254
96505
96824
97443
97709
98021
98324
98619
98893
99184
99484
99761
100013
100291
100598
100908
101174
101488
101814
102127
102402
102715
103039
103350
103939
104256
104567
104852
105143
105453
105767
106070
106344
106643
106937
107226
107492
107771
108101
108412
108697
108988
109311
109617
109892
110142
110447
110757
111057
111342
111658
111978
112285
112565
112842
113139
113437
113706
114014
114350
114672
114968
115295
115613
115921
116203
116512
116824
117121
117397
117702
118021
118596
118910
119219
119504
119764
120068
120381
120674
120938
121243
121573
121889
122176
122492
122816
123137
123428
123729
124045
124344
124627
124929
125250
125551
125826
126124
126437
126737
127017
127312
127624
127918
128213
128537
128861
129156
129451
129775
130088
130383
130656
130961
131268
131562
131832
132125
132434
133016
133312
133627
133931
134201
134481
134789
135093
135376
135674
135992
136306
136599
136896
137224
137533
137813
138137
138461
138771
139056
139369
139682
139980
140254
140566
140881
141183
141459
141767
142080
142360
142646
142959
143256
143527
143785
144096
144410
144703
145010
145343
145672
145971
146268
146598
146910
147209
147525
147852
148164
148455
148762
149083
149375
149643
149949
150262
150537
150793
151107
151422
152021
152320
152633
152939
153215
153503
153809
154111
154392
154701
155021
155332
155621
155922
156236
156547
156835
157140
157461
157770
158056
158369
158678
158980
159252
159556
159867
160171
160437
160733
161045
161342
161617
161922
162242
162549
162826
163142
163459
163758
164035
164355
164668
164949
165221
165535
165849
166133
166453
166789
167097
167385
167697
168011
168291
168566
168871
169166
169443
169732
170041
170345
170633
170943
171250
171545
171836
172156
172485
172787
173069
173383
173701
174268
174601
174920
175213
175516
175830
176127
176400
176711
177037
177351
177640
177972
178296
178590
178867
179190
179514
179816
180093
180418
180742
181035
181336
181654
181961
182240
182543
182860
183154
183420
183723
184037
184334
184615
184933
185258
185553
185869
186195
186510
186797
187117
187437
187732
188035
188352
188660
188941
189234
189541
189857
190150
190435
190752
191065
191365
191638
191947
192271
192589
192881
193200
193530
193841
194121
194418
194731
195033
195310
195617
195926
196224
196500
196810
197127
197425
197697
198008
198326
198627
198914
199230
199553
199849
200140
200451
200763
201041
201336
201641
201953
202244
202551
202877
203191
203478
203799
204124
204424
204740
205064
205377
205662
205982
206301
206607
206903
207221
207537
207836
208127
208447
208764
209063
209352
209660
209974
210261
210552
210874
211191
211478
211785
212103
212416
212703
213021
213346
213658
213945
214267
214586
214886
215160
215469
215779
216076
216355
216656
217266
217537
217846
218164
218461
218736
219361
219652
219910
220219
220535
220820
221103
221409
221718
222014
222344
222996
223287
223609
223930
224232
224545
224875
