r
90
322
531
746
967
1175
1383
1605
1828
2037
2242
2453
2666
2869
3068
3287
3512
3721
3924
4135
4347
4549
4752
4968
5211
5437
5658
5904
6149
6367
6580
6803
7025
7230
7428
7639
7855
8068
8272
8488
8717
8942
9154
9369
9588
9808
10016
10219
10433
10658
10867
11070
11287
11506
11718
11920
12139
12360
12580
12779
12988
13201
13425
13635
13844
14070
14303
14516
14727
14949
15172
15381
15582
15795
16018
16225
16424
16631
16844
17054
17254
17466
17682
17895
18096
18303
18519
18739
18947
19147
19354
19564
19766
19966
20175
20391
20597
20793
20999
21216
21437
21645
21857
22084
22314
22518
22711
22908
23109
23310
23510
23737
24028
24269
24517
24773
25013
25249
25494
25737
25963
26186
26424
26658
26877
27095
27320
27541
27752
27976
28203
28410
28615
28828
29047
29254
29459
29676
29906
30125
30326
30537
30756
30971
31172
31378
31597
31814
32018
32225
32444
32661
32867
33066
33277
33496
33707
33912
34118
34336
34539
34734
34945
35164
35375
35576
35805
36049
36274
36488
36718
36954
37167
37375
37584
37803
38007
38207
38422
38633
38840
39260
39502
39723
39941
40171
40405
40617
40831
41057
41279
41488
41691
41902
42124
42338
42541
42759
42983
43201
43404
43621
43840
44049
44260
44483
44715
44926
45135
45353
45579
45787
45996
46207
46429
46635
46841
47058
47285
47500
47705
47924
48141
48346
48543
48751
48972
49386
49607
49844
50059
50260
50471
50688
50898
51100
51310
51535
51947
52158
52379
52588
53006
53229
53441
53646
53861
54086
54297
54500
54707
54920
55121
55315
55513
55717
55925
56121
56322
56537
56763
56977
57195
57439
57674
57891
58117
58345
58557
58762
58978
59201
59408
59607
59818
60035
60250
60446
60652
60867
61078
61279
61490
61715
61935
62141
62350
62563
62781
62987
63191
63410
63633
63844
64051
64263
64488
64701
64902
65112
65330
65543
65749
66174
66393
66601
66801
67010
67230
67437
67639
67854
68078
68291
68494
68703
68928
69144
69351
69555
69777
70008
70225
70453
70697
70931
71148
71376
71608
71834
72049
72271
72496
72717
72926
73137
73351
73564
73769
73971
74188
74410
74617
74822
75042
75264
75474
75681
75903
76126
76336
76535
76743
76963
77170
77367
77574
77785
78002
78209
78410
78621
78853
79078
79287
79502
79719
79939
80150
80356
80572
80799
81012
81217
81439
81664
81874
82072
82280
82500
82703
82902
83113
83328
83537
83734
83944
84158
84374
84576
84769
84977
85201
85423
85631
85849
86086
86328
86549
86774
87014
87242
87453
87668
87885
88109
88517
88723
88934
89137
89336
89545
89760
89963
90158
90362
90567
90777
90978
91182
91391
91607
91809
92020
92232
92448
92660
92855
93049
93250
93441
93645
93953
94198
94422
94669
94926
95160
95395
95643
95890
96121
96348
96578
96804
97014
97224
97445
97670
97883
98088
98304
98529
98738
98947
99174
99410
99625
99830
100047
100274
100486
100687
100893
101104
101303
101502
101709
101912
102117
102328
102542
102752
102951
103150
103363
103584
103797
104000
104209
104433
104646
104845
105041
105249
105472
105683
105881
106096
106317
106530
106734
106951
107187
107400
107603
107814
108037
108252
108453
108666
108889
109109
109318
109539
109773
109994
110205
110430
110664
110881
111094
111316
111537
111744
111941
112152
112369
112574
112772
112986
113227
113461
113676
113898
114137
114375
114588
114801
115022
115235
115426
115609
115801
116013
116221
116422
116656
116932
117176
117435
117695
117934
118166
118412
118654
118877
119099
119330
119557
119766
119982
120203
120425
120631
120840
121066
121289
121502
121707
121924
122152
122367
122570
122780
123001
123203
123398
123599
123817
124066
124281
124756
125012
125244
125488
125736
125976
126199
126423
126656
126883
127100
127321
127550
127779
127996
128210
128433
128654
128859
129056
129262
129479
129691
129893
130100
130318
130547
130752
130947
131148
131356
131570
131771
131980
132217
132457
132678
132896
133119
133347
133555
133756
133961
134179
134389
134591
134795
135009
135230
135437
135637
135855
136076
136282
136481
136692
136910
137127
137328
137535
137749
137969
138172
138379
138603
138826
139037
139250
139480
139705
139913
140117
140330
140545
140746
140937
141137
141340
141543
141739
141963
142228
142465
142694
142939
143185
143410
143631
143861
144094
144310
144529
144761
144992
145205
145416
145636
145856
146061
146267
146484
146705
146912
147114
147332
147555
147766
147968
148186
148418
148624
148824
149035
149246
149451
149644
149846
150058
150274
150482
150720
150992
151231
151469
151711
152168
152389
152619
152836
153051
153506
153719
153926
154135
154351
154550
154742
154949
155168
155397
155596
155789
155996
156232
156459
156691
156951
157207
157443
157679
158170
158391
158617
158852
159084
159301
159518
159746
159974
160188
160402
160624
160852
161063
161270
161482
161701
161908
162106
162310
162521
162734
162932
163140
163365
163582
163787
163996
164423
164817
165020
165230
165434
165637
165844
166056
166260
166461
166679
166902
167114
167320
167539
167761
167968
168166
168377
168594
168807
169008
169211
169418
169629
169833
170027
170230
170438
170650
170847
171043
171242
171459
171656
171849
172058
172279
172502
172703
172924
173178
173410
173637
173875
174101
174312
174524
174744
174950
175158
175371
175582
175783
175989
176209
176436
176646
176854
177071
177291
177500
177701
177916
178139
178345
178543
178738
178937
179143
179342
179541
179757
179979
180186
180384
180599
180851
181076
181301
181543
181781
181988
182192
182408
182626
182836
183033
183254
183482
183703
183906
184108
184322
184541
184750
184946
185152
185362
185574
185775
185977
186186
186402
186607
186812
187037
187262
187471
187675
187893
188117
188322
188520
188730
188949
189159
189357
189557
189769
189980
190176
190374
190586
190803
191008
191193
191380
191582
191795
192001
192233
192500
192742
192969
193213
193457
193681
193908
194145
194379
194597
194815
195039
195263
195472
195678
195896
196111
196314
196514
196730
196955
197160
197357
197568
197773
197970
198172
198381
198591
198793
198990
199209
199453
199679
199877
200082
200301
200529
200737
200953
201187
201426
201640
201869
202109
202336
202547
202765
202981
203183
203379
203588
203807
204012
204207
204416
204632
204834
205028
205230
205442
205655
205852
206039
206232
206429
206630
206828
207047
207336
207574
207824
208076
208324
208550
208775
209012
209254
209474
209690
209916
210144
210355
210557
210766
210981
211197
211399
211603
211815
212028
212225
212430
212640
212851
213055
213258
213463
213674
213875
214070
214276
214486
214689
214885
215084
215295
215504
215702
215904
216115
216328
216529
216722
216920
217125
217325
217519
217719
217929
218141
218342
218535
218736
218942
219141
219336
219545
219758
219961
220153
220355
220565
220771
220967
221164
221368
221578
221779
221972
222176
222380
222590
222779
222961
223143
223330
223530
223725
224000
224258
224502
224754
