r
153
307
641
862
992
1253
1433
1636
1748
1962
2127
2448
2637
2867
3117
3360
3536
3718
3844
4061
4235
4410
4521
4777
5010
5216
5605
5765
5934
6122
6421
6607
6795
7016
7204
7389
7510
7726
7905
8110
8228
8436
8604
8849
9045
9169
9372
9539
9721
9891
10099
10279
10392
10648
10810
10996
11170
11485
11754
11943
12102
12279
12438
12643
12822
13026
13243
13637
13797
13991
14342
14521
14752
14923
15108
15263
15442
15785
15966
16200
16503
16739
16917
17084
17277
17498
17848
18020
18181
18486
18658
18851
18965
19230
19414
19573
19731
19837
20179
20363
20576
20797
20916
21130
21292
21443
21614
21907
22078
22334
22525
22910
23097
23436
23619
23803
23972
24081
24283
24463
24771
24951
25139
25533
25695
25862
25973
26284
26457
26682
26869
27042
27253
27471
27580
27789
27960
28129
28251
28484
28709
28865
29014
29133
29398
29620
29741
29950
30113
30270
30421
30584
30788
30908
31138
31328
31454
31679
31850
32050
32162
32384
32573
32740
32914
33027
33240
33425
33544
33728
33921
34135
34258
34462
34616
34768
34879
35116
35456
35678
35794
36002
36203
36320
36527
36715
36883
37124
37311
37487
37676
37930
38102
38266
38626
38797
38988
39136
39339
39509
39827
40007
40167
40289
40515
40675
40840
41154
41316
41510
41692
41984
42146
42318
42648
42863
42981
43300
43498
43610
43837
44002
44161
44334
44451
44653
44818
44978
45086
45307
45464
45639
45755
46033
46349
46558
46671
46884
47055
47247
47368
47572
47905
48135
48304
48612
48836
49000
49231
49439
49553
49789
50008
50202
50401
50525
50769
51107
51224
51451
51812
52009
52126
52332
52500
52655
52811
52988
53167
53303
53553
53747
53941
54061
54241
54389
54556
54675
54900
55073
55329
55515
55635
55856
56009
56168
56386
56505
56747
56977
57088
57312
57475
57629
57806
58155
58309
58516
58723
58831
59064
59234
59411
59534
59746
59916
60076
60187
60391
60569
60812
60935
61186
61345
61525
61636
61923
62269
62447
62736
62908
63068
63242
63396
63542
63698
63865
64062
64244
64357
64566
64717
64871
65266
65441
65610
65725
65955
66113
66289
66474
66638
66798
66918
67163
67324
67512
67712
67823
68053
68215
68365
68530
68660
68866
69008
69208
69380
69533
69653
69862
70061
70180
70432
70601
70763
70912
71245
71436
71773
71953
72146
72479
72673
72788
73042
73270
73386
73680
73845
73991
74146
74266
74476
74646
74811
74923
75124
75337
75450
75654
76093
76254
76427
76537
76747
76894
77141
77323
77526
77644
77906
78097
78205
78385
78548
78733
79064
79231
79403
79598
79851
80006
80171
80351
80506
80664
80789
80979
81134
81350
81695
81906
82026
82270
82434
82593
82804
82965
83125
83239
83488
83661
83867
84089
84194
84406
84584
84754
84925
85117
85393
85696
85856
86029
86351
86518
86737
87028
87241
87438
87801
87958
88110
88276
88395
88624
88918
89112
89230
89489
89643
89800
89982
90146
90330
90491
90656
90787
91041
91227
91579
91804
91955
92110
92282
92613
92916
93075
93222
93333
93524
93838
94032
94224
94343
94573
94720
94878
94983
95191
95362
95535
95882
96076
96190
96397
96552
96778
96934
97094
97247
97471
97634
97777
97898
98109
98346
98563
98689
98945
99104
99264
99418
99531
99735
99924
100091
100245
100364
100561
100748
100865
101087
101285
101409
101670
101827
101992
102151
102294
102487
102839
103001
103161
103329
103485
103651
103767
103988
104168
104530
104729
104934
105043
105277
105445
105666
105785
106037
106217
106342
106526
106701
106854
107010
107355
107515
107715
107892
108043
108217
108428
108538
108799
108982
109157
109309
109616
109760
109921
110152
110309
110487
110656
110826
110985
111143
111288
111440
111597
111720
112001
112181
112340
112467
112644
112794
112945
113073
113281
113445
113630
113836
113944
114186
114355
114473
114698
114895
115053
115221
115587
115750
115923
116050
116282
116458
116619
116860
117026
117183
117296
117513
117665
117826
117943
118166
118351
118516
118705
118986
119218
119427
119550
119821
119994
120157
120320
120545
120753
120875
121138
121341
121458
121662
121821
122023
122198
122425
122595
122778
122940
123142
123420
123614
123749
124000
124177
124343
124554
124709
124880
125207
125391
125577
125704
125939
126101
126281
126495
126607
126846
127052
127427
127726
127893
128041
128220
128395
128566
128744
128860
129150
129332
129509
129631
129839
130048
130434
130593
130734
130881
131001
131206
131372
131540
131657
131858
132026
132201
132309
132492
132690
132817
133070
133242
133431
133543
133748
133920
134150
134326
134513
134814
134987
135198
135376
135534
135690
135809
136022
136184
136353
136472
136709
136894
137008
137204
137412
137539
137759
137923
138061
138202
138371
138503
138665
138788
139051
139225
139373
139490
139702
139892
140260
140456
140627
140819
140940
141128
141278
141421
141548
141730
141964
142161
142319
142470
142586
142785
142972
143084
143304
143508
143680
144005
144159
144312
144430
144707
144861
145052
145168
145375
145555
145672
145848
146025
146184
146372
146569
146784
146897
147118
147287
147457
147582
147755
147915
148092
148483
148666
148780
149026
149184
149417
149588
149757
149917
150032
150220
150501
150690
150809
151061
151247
151423
151543
151732
151889
152052
152227
152378
152575
152694
152935
153182
153354
153533
153657
153908
154085
154256
154410
154529
154732
154884
155039
155161
155351
155590
155780
155947
156104
156213
156415
156623
156817
156978
157176
157338
157544
157856
158116
158302
158476
158643
158838
158979
159131
159308
159449
159658
159843
160001
160208
160364
160476
160716
160866
161192
161375
161623
161786
161953
162068
162269
162425
162592
162713
162978
163141
163322
163588
163764
163945
164061
164289
164483
164608
164821
165061
165242
165432
165540
165930
166116
166232
166451
166608
166771
166927
167070
167237
167359
167602
167797
167919
168117
168271
168417
168561
168691
168906
169094
169231
169439
169608
169763
169921
170072
170258
170380
170572
170738
170904
171026
171239
171382
171562
171762
171963
172087
172304
172492
172604
172825
173017
173138
173337
173512
173745
173941
174056
174244
174410
174564
174709
174833
175089
175242
175430
175566
175704
175850
175965
176191
176392
176511
176723
176911
177024
177219
177497
177674
177857
177979
178204
178396
178516
178712
178860
179019
179175
179342
179515
179684
179814
179988
180141
180315
180473
180636
180761
180979
181133
181305
181418
181615
181789
181905
182129
182333
182456
182687
182849
183022
183423
183587
183760
183887
184091
184273
184428
184587
184697
184909
185069
185247
185405
185561
185741
185911
186047
186210
186367
186602
186794
186956
187077
187284
187457
187614
187727
187926
188070
188241
188355
188606
188895
189179
189344
189508
189626
189818
190139
190262
190517
190852
191103
191362
191537
191706
191878
192192
192353
192520
192684
192846
193173
193392
193575
193734
193899
194148
194480
194822
195008
195116
195336
195510
195673
195920
196111
196386
196478
196724
196901
197056
197222
197334
197608
197776
198061
198212
198473
198643
198805
199001
199210
199331
199625
199838
199996
200163
200344
200460
200806
200981
201097
201300
201468
201748
201930
202103
202275
202389
202594
202929
203210
203386
203592
203794
203910
204261
204427
204576
204742
204858
205063
205236
205394
205632
205810
205929
206161
206438
206672
206898
207219
207466
207620
207839
208180
208346
208502
208617
208820
209008
209120
209393
209563
209739
209862
210057
210209
210369
210480
210715
210928
211189
211435
211612
211769
211939
212153
212268
212494
212747
212913
213066
213213
213324
213525
213682
213869
214178
214383
214494
214738
214909
215063
215268
215428
215612
215898
216072
216264
216377
216559
216717
216906
217025
217260
217422
217563
217687
217874
218021
218182
218311
218517
218697
218900
219054
219280
219455
219617
219733
219943
220118
220329
220672
220818
220952
221149
221313
221484
221609
221829
221995
222159
222323
222507
222682
222880
223064
223237
223602
223759
223938
224105
224258
224417
224790
224984
