r
161
402
642
865
1087
1315
2749
2976
3203
3428
3637
3840
4276
4503
4980
5218
5455
5666
5876
6088
6312
6536
6760
6966
7163
7357
7559
7776
7990
8216
8679
9084
9282
9476
9885
10110
10339
10554
10776
11000
11424
11637
11853
12075
12301
12510
12723
13394
13606
13816
14492
14714
14940
15170
15412
15878
16103
16320
16528
16966
17196
17434
17684
18162
18590
19057
19295
19532
19750
19976
20191
20416
20639
21114
21335
21557
21782
22011
22251
22486
22723
22951
23177
23408
23623
23831
24028
24220
24428
24646
24875
25104
25344
25561
25784
26013
26230
26446
26665
27123
27592
28039
28274
28753
28982
29211
29912
30142
30368
30601
30836
31078
31325
31552
31777
32009
32240
32464
32690
32917
33131
33345
33563
33772
33990
34214
34447
34885
35325
35764
35993
36222
36440
36655
37068
37263
37442
37616
37788
37962
38134
38302
38484
38711
38952
39188
39910
40368
40586
41027
41261
41495
41732
41959
42187
42650
42875
43099
43314
43519
43713
43907
44116
44349
44586
44828
45054
45277
45498
45730
45967
46432
46663
47121
47350
47807
48259
48485
48712
48926
49135
49352
49577
49804
50020
50239
50455
50676
50895
51109
51327
51546
51766
53586
53805
54034
54262
54486
54707
54932
55162
55386
55589
55791
55991
56214
56448
56671
56889
57111
57331
57548
57760
57977
58203
58438
58671
59139
59370
59588
60033
60255
60474
61175
61396
61626
61842
62267
62485
62711
62935
63150
63363
63579
63800
64011
64218
64430
64638
64840
65044
65257
65473
65693
65912
66128
66331
66536
66743
66946
67153
67377
67616
67845
68069
68777
69225
69440
69668
70388
70633
70861
71082
71301
71512
71723
71937
72601
72826
73039
73257
73480
73700
73906
74118
74338
74546
74759
74976
75201
75430
75646
75852
76053
76250
76464
76695
76917
77127
77344
77563
77781
78001
78216
78434
78639
78845
79056
79271
79486
79706
79902
80101
80304
80504
80702
80900
81100
81305
81519
81733
81951
82156
82367
82575
82777
82982
83195
83421
83654
83889
84126
84358
84572
84779
84987
85200
85891
86120
86340
86561
86778
86986
87193
87407
87627
87858
88084
88311
88533
88758
88967
89179
89398
89619
89840
90059
90283
90507
90727
90944
91165
91394
91623
91832
92043
92259
92490
92713
92927
93147
93368
93597
94031
94235
94433
94648
94866
95093
95328
95546
95768
96000
96228
96447
96665
96891
97120
97343
97560
97762
97956
98156
98368
98589
98819
99041
99263
99482
99703
99930
100163
100397
100617
100825
101026
101240
101465
101688
101895
102092
102287
102484
102690
102890
103091
103304
103518
103738
103950
104166
104383
104584
104784
104988
105201
105418
105636
105847
106061
106268
106478
106693
106901
107098
107294
107495
107703
107907
108123
108355
108568
108778
108994
109213
109425
109622
109812
110002
110191
110393
110611
110836
111063
111300
111997
112207
112417
112629
113055
113747
113969
114194
114420
114621
115657
115880
116095
116319
116760
116964
117172
117391
117607
117826
118036
118237
118433
118632
118836
119034
119236
119900
120128
120364
120828
121058
121276
121486
121696
121909
122122
122342
122553
122770
122986
123424
123627
123827
124457
124680
124896
125114
125560
125788
126490
126725
127183
127400
127618
127843
128074
128306
128546
128779
129000
129209
129416
129616
129825
130050
130279
130504
130736
130971
131660
131880
132101
132320
132525
132718
132911
133113
133321
133549
133777
134000
134221
134454
134686
134911
135130
135339
135543
135739
135931
136129
136345
136573
136797
137022
137238
138307
138513
138711
138907
139100
139280
139460
139638
139821
140023
140240
140444
140654
140867
141076
141273
141467
141663
141855
142054
142261
142472
142690
142907
143123
143337
143554
143777
144002
144213
144418
144617
144810
144994
145183
145392
145615
145830
146042
146257
146680
147079
147471
147672
147874
148071
148256
148438
148616
148801
148997
149196
149396
149600
149808
150004
150201
150393
150582
150778
150979
151185
151385
151576
151767
151961
152156
153332
153544
153765
153990
154219
154430
154842
155047
155251
155449
155651
155853
156061
156487
156706
157141
157360
157569
157961
158153
158355
158780
159000
159229
159459
159671
160090
160309
160527
160743
161433
161655
161861
162064
162477
162690
162912
163128
163553
163769
164221
164681
164904
165129
165351
165578
165804
166030
166254
166475
166672
166866
167059
167238
167423
167614
167820
168037
168249
168650
168843
169030
169402
169580
169749
169920
170253
170420
170586
170755
170917
171078
171236
171396
171553
171707
171861
172009
172318
172480
172645
172814
172992
173163
173339
173514
173698
173889
174079
174263
174442
174618
174984
175163
175336
175506
175668
175832
176004
176181
176363
176546
176734
176927
177115
177303
177488
177659
177828
177984
178144
178300
178457
178615
178782
178955
179134
179513
179708
179894
180261
180976
181150
181326
181692
181876
182063
182616
183151
183487
183658
183828
184001
184684
184857
185040
185222
185402
185578
185749
185917
186086
186259
186429
186598
186772
186948
187126
187307
187668
188020
188363
188536
188704
188869
189032
189193
189357
189523
189696
189869
190038
190210
190386
190562
190743
190936
191128
191321
191511
191700
191895
192082
192272
192468
192658
192847
193042
193232
193420
193609
193790
194173
194363
194923
195112
195300
195495
195692
196086
196293
196488
196682
196882
197091
197303
197521
197733
197938
198144
198340
198539
198741
198947
199154
199362
199578
199796
200007
200217
200430
200634
200842
201053
201264
201672
201879
202082
202279
202471
202658
202847
203039
203237
203433
203633
203839
204048
204259
204464
204672
204868
205062
205254
205449
205644
205847
206054
206266
206478
206688
206897
207097
207295
207498
207709
207913
208119
208331
208551
208769
208993
209218
209437
209647
209863
210079
210279
210477
210685
210875
211067
211451
211627
211797
211971
212153
212345
212543
212742
212942
213147
213350
213541
213722
213904
214086
214273
214462
214643
215018
215210
215410
215614
215820
216018
216213
216408
216611
216814
217014
217216
217426
217623
217822
218016
218202
218382
218562
218754
218956
219154
219362
219577
219783
219985
220189
220383
220570
220757
220938
221127
221322
221520
221709
221906
222106
222300
222502
222706
222913
223111
223313
223516
223717
223911
224307
224498
224683
224867
