r
382
625
872
1106
1594
1842
2100
2602
3323
3565
3807
4051
4294
4537
4787
5025
5268
5516
5751
5994
7205
7452
7706
7938
8188
8440
8676
9173
9400
9638
9880
10100
10577
10792
11267
11489
11969
12202
12423
12900
13593
13808
14052
14282
14498
14955
15169
15641
15867
16104
16363
16607
16843
17090
17327
17557
17795
18026
18487
18740
18967
19455
19699
20185
20411
20879
21116
21338
21587
21810
22041
22281
22522
22997
23236
23457
23695
23936
24164
24396
24642
24863
25335
25552
25802
26046
26755
26978
27219
27451
27673
27925
28162
28390
28640
28881
29110
29364
29602
29835
30082
30320
30548
30791
31024
31255
31494
31729
31959
32202
32704
33171
33415
33644
34129
34351
34836
35059
35290
35529
35741
36204
36425
36664
36921
37136
37378
37608
38045
38277
38700
39137
39577
39999
40436
40844
41257
41663
42076
42487
42896
43311
43721
44136
44953
45792
46608
47016
47854
48282
48721
49157
49580
49992
51212
52031
52447
53261
54062
54850
55667
56078
56495
56901
57310
57741
58153
58580
58992
59394
59806
60213
60644
61056
61482
61907
62316
62735
63134
63534
63936
64343
64760
65159
65564
65957
66364
66777
67176
67591
67988
68403
68813
69229
69659
70085
70500
70930
71356
71783
72209
72655
73093
73526
73973
74400
74812
75228
75640
76061
76484
76904
77326
77733
78139
78554
78962
79384
79796
80202
80615
81028
81466
81889
82322
82739
83164
83587
84021
84434
84867
85298
85726
86150
86553
86970
87386
87807
88235
88638
89057
89457
89879
90277
90683
91082
91487
91903
92325
92741
93151
93561
93969
94366
94765
95192
95601
95817
96029
96250
96734
97238
97485
97976
98210
98890
99103
99563
99772
100001
100242
100459
100695
100934
101151
101848
102079
102322
102561
102791
103059
103311
103556
103812
104064
104834
105073
105309
105550
105784
106033
106290
106529
106786
107045
107296
107548
107799
108276
108522
108750
109238
109957
110430
110665
111126
111358
111576
111822
112064
112293
112524
113000
113457
113678
114117
114578
115300
115530
115793
116060
116536
116786
117256
117507
117969
118214
118433
118673
118913
119126
119359
119601
119825
120275
120497
120714
121178
121410
122135
122364
122609
122858
123087
123331
123578
123809
124059
124308
124532
125010
125233
125458
125700
125929
126152
126392
126633
126852
127095
127329
127554
127787
128025
128241
128478
128713
128937
129171
129415
129634
129862
130096
130335
130558
130810
131054
131522
131765
131995
132232
132470
132698
132935
133165
133612
133832
134053
134282
134517
134745
134994
135242
135479
135719
135965
136204
136439
136683
136917
137141
137379
137609
137826
138071
138308
138522
139008
139239
139721
139958
140195
140449
140695
140936
141184
141423
141657
142128
142349
142577
142804
143024
143251
143475
143695
143923
144158
144382
144885
145127
145369
145612
145842
146308
146529
146755
146989
147211
147463
147715
147960
148209
148465
148715
148944
149186
149435
149666
149904
150376
150610
150843
151073
151300
151551
151796
152033
152276
152518
152750
153460
153921
154146
154612
154837
155264
155692
156134
156561
157001
157420
158231
158630
159433
160664
161471
161885
162303
163518
163915
164316
165132
165540
165983
166407
166830
167246
167648
168066
168468
168877
169283
169704
170135
170544
170973
171397
171825
172250
172680
173102
173517
173914
174329
174742
175161
175582
176008
176433
176847
177259
177684
178114
178530
178951
179365
179800
180226
180650
181080
181487
181907
182320
182734
183153
183563
183988
184403
184820
185246
185662
186075
186493
186896
187313
187718
188151
188566
188987
189423
189841
190275
190696
191121
191537
191941
192351
192769
193188
193625
194038
194464
194882
195291
195698
196117
196539
196958
197378
197798
198225
198633
199048
199447
199850
200259
200664
201083
201485
201908
202309
202713
203123
203527
203950
204367
204805
205236
205670
206099
206508
206918
207330
207750
208161
208582
208993
209410
209825
210237
210656
211077
211500
211921
212352
212796
213220
213640
214043
214450
214866
215294
215734
216155
216374
217062
217283
217815
218066
218595
218841
219096
219336
219576
219826
220064
220295
220532
220767
221000
221235
221474
221943
222189
222429
222915
223645
223884
224130
224373
224600
224834
