r
112
290
480
663
845
1029
1216
1820
2006
2489
2667
2854
3038
3711
4071
4244
4613
4796
4979
5162
5634
5807
5993
6473
6642
6829
7016
7196
7381
7842
8019
8209
8391
8574
8762
8947
9354
9525
9709
9895
10564
10854
11029
11216
11700
11869
12054
12244
12433
12986
13175
14225
14542
14714
14901
15082
15266
15451
15639
15828
16602
16915
17089
17271
17761
17934
18122
18307
18493
18682
18872
19060
19791
20816
21127
21302
21485
21665
21852
22035
22220
22407
22593
22777
22959
23779
24090
24263
24451
24905
25073
25258
25444
25627
25809
25990
26430
26604
26791
26978
27165
27693
28059
28227
28416
28600
28783
28970
29155
29878
30164
30340
30526
30714
30897
31083
31274
31457
32059
32734
33053
33230
33420
33601
33786
33967
34526
34695
34880
35333
35508
35698
35879
36353
36529
36718
36901
37085
37272
37455
37643
37834
39302
39600
39780
39972
40154
40339
40520
40708
40900
41084
41268
41455
41641
42332
42707
42884
43075
43259
43445
43625
43806
43991
44180
44679
45034
45210
45398
45584
46071
46241
46430
46906
47080
47268
47457
47641
47826
48011
48650
49313
49604
49779
49964
50143
50326
51428
51732
51916
52101
52285
52469
52653
52832
53022
53209
53394
53944
54640
54947
55119
55305
55489
55669
55850
56033
56220
56404
56875
57047
57228
57413
57602
57784
58654
58996
59165
59348
59531
59712
59893
60076
60256
60437
60625
60808
60994
61673
62177
62351
62534
62720
62907
63092
63275
63460
63979
64983
65284
65455
65641
65826
66009
66196
66386
66572
66761
66948
67139
67330
68022
68329
68508
68698
68881
69064
69252
69446
69822
70567
70869
71045
71227
71413
71605
71789
71975
72781
73096
73271
73452
73641
73833
74018
74203
74391
74577
74763
75547
75948
76123
76316
76496
76682
76870
77056
77244
77437
77624
78374
78750
79112
79300
79487
79859
80042
80229
80425
80611
81053
81232
81416
81884
82058
82241
82426
82617
82802
83180
83703
84740
84952
85078
85193
85334
85492
85676
85832
85994
86164
86700
86983
87157
87345
87527
87710
89113
89441
89614
89796
89981
90160
90346
90535
90716
91078
91264
91912
92215
92384
92571
92753
92932
93115
93298
93486
93675
93862
94045
94822
95395
96044
96671
97040
97208
97390
97742
97923
98105
98285
98465
99560
99850
100026
100213
100394
100568
100746
100926
101103
101284
101470
101650
102135
102516
102689
102871
103053
103237
103422
103606
104643
104922
105093
105275
105453
105636
105817
105998
106179
106357
106541
106730
106910
107096
107278
108389
108668
108843
109031
109215
109393
109572
109754
109933
110115
110610
110977
111151
111599
111775
111964
112435
112605
112791
112971
113154
113347
113528
113714
114244
115283
115593
115763
115942
116119
116304
116485
116670
116859
117041
117223
117957
118587
119210
119560
119734
119921
120102
120283
120465
120645
120823
121009
121193
121376
121856
122501
122864
123032
123217
123405
123584
123763
123941
124126
124311
124493
124675
124855
125039
125219
125404
125591
126189
127188
127473
127648
127833
128012
128192
128375
128557
128740
128926
129106
129289
129476
130900
131193
131364
131544
131723
131904
132086
132270
132456
132635
133366
133948
134590
135219
135844
136195
136366
136550
136731
136910
137086
137266
137448
137626
137805
137981
138157
138644
138996
139167
139351
139532
139718
139898
140076
140257
140623
140809
140998
141177
141707
142067
142235
142420
142601
142778
142961
143145
143326
143506
143687
143873
144060
144247
144681
144856
145046
145231
145421
146497
146806
146983
147355
147545
147727
147909
148092
148285
148475
149425
149726
149897
150085
150268
150456
150646
150828
151513
151910
152078
152261
152438
152622
152808
152990
153173
153362
153551
154063
154748
155086
155626
155812
155999
156185
156373
156559
156930
157121
157308
157498
158295
158612
158787
158970
159155
159345
159527
159709
159891
160077
160260
160452
161113
161482
161660
161851
162032
162218
162407
162594
162785
162973
163158
163342
163529
163723
164485
164795
164972
165161
165351
165534
165723
165915
166100
166290
166480
166669
166855
167339
167691
167864
168059
168248
168439
168625
168812
169002
169192
169389
169582
169776
169965
170163
170780
171162
171341
171534
171726
171916
172102
172295
173182
173601
173777
173967
174155
174342
174531
174727
174914
175101
175290
176063
176373
176548
176743
176936
177126
177314
177501
177692
177880
178075
178270
178457
179128
179402
179575
179762
179948
180137
180326
180517
181004
181991
182165
182354
182536
182718
182901
183081
183640
183987
184160
184350
184537
184728
185100
185287
185480
185675
185862
186473
186852
187031
187220
187404
187593
187786
187974
188162
188531
188721
188913
189721
190392
190766
190936
191125
191312
191494
191681
191860
192048
192239
192607
192791
192979
193164
193776
194112
194287
194475
194660
194841
195025
195212
195680
196327
196641
196814
196995
197175
197358
197537
197722
197904
198086
198269
198449
198637
199081
199446
199637
200939
201237
201416
201621
201818
202323
202951
203554
204141
204723
205301
205472
205650
205821
205997
206177
206351
206534
206717
206892
207072
207437
207623
207807
208254
208597
208770
208959
209137
209316
209501
209689
209871
210056
210242
210426
210980
211166
211351
211839
212481
212830
213003
213187
213367
213547
213726
213906
214284
214471
214975
215708
216010
216188
216379
216563
216744
217113
217488
217676
217864
218050
218708
219059
219238
219426
219613
219802
219987
220173
220358
220548
220743
220931
221709
222106
222281
222465
222654
222844
223035
223225
223409
223594
223780
223971
224416
224590
224778
224969
