r
19
221
520
669
960
1263
1413
1701
1855
2003
2092
2297
2445
2589
2738
2888
3037
3330
3623
3777
3877
4197
4342
4489
4639
4785
4930
5076
5191
5354
5503
5648
5796
5942
6087
6381
6527
6670
6814
6932
7088
7394
7511
7678
7825
8119
8408
8551
8843
8970
9135
9279
9419
9533
9708
9851
10132
10261
10416
10559
10702
11126
11229
11418
11560
11702
11842
11982
12267
12413
12552
12833
12976
13122
13263
13404
13555
13684
13826
13971
14253
14397
14485
14680
14827
14968
15112
15253
15395
15679
15801
15965
16108
16390
16677
16818
16961
17105
17244
17533
17675
17765
17956
18250
18395
18678
18822
18964
19256
19398
19537
19649
19821
19968
20058
20247
20359
20647
20794
20938
21081
21222
21362
21504
21652
21792
21932
22072
22351
22492
22630
22771
22910
23000
23186
23330
23470
23746
23884
24026
24167
24307
24406
24588
24726
24864
25006
25146
25286
25420
25697
25835
25973
26115
26250
26388
26525
26665
26806
26946
27085
27225
27365
27503
27645
27747
27926
28069
28208
28353
28497
28638
28780
28910
29066
29206
29353
29501
29787
30080
30226
30315
30508
30799
30942
31034
31237
31325
31609
31821
32115
32257
32539
32647
32820
32970
33257
33389
33551
33837
33932
34122
34266
34413
34526
34701
34847
35133
35430
35719
35834
36014
36165
36457
36749
37048
37477
37582
37774
37925
38217
38513
38666
38957
39253
39531
39684
39973
40270
40421
40711
41010
41306
41603
41750
42051
42189
42492
42641
42784
43076
43220
43505
43656
43950
44236
44386
44528
44675
44823
44967
45250
45539
45685
45823
46108
46249
46392
46480
46625
46793
46937
47083
47229
47373
47654
47942
48090
48377
48666
48811
49104
49391
49537
49680
49968
50111
50253
50544
50690
50781
50977
51254
51403
51551
51700
51845
51989
52136
52285
52429
52571
52687
52860
53154
53304
53596
53892
54191
54338
54483
54633
54779
54926
55076
55218
55656
55806
56083
56237
56525
56675
56821
56968
57404
57551
57696
57840
57986
58130
58275
58422
58530
58687
58851
58997
59143
59286
59569
59716
59859
60007
60156
60298
60441
60732
61027
61170
61257
61455
61750
61897
62043
62186
62335
62486
62630
62777
62925
63072
63214
63363
63513
63657
63800
63889
64091
64226
64386
64529
64673
64864
65104
65403
65548
65694
65845
65994
66286
66570
66729
66881
67030
67179
67323
67620
67770
67915
68063
68211
68504
68655
68804
68951
69097
69246
69340
69541
69687
69832
70129
70425
70574
70719
70857
71019
71166
71313
71461
71754
71907
72062
72357
72467
72659
72812
72963
73108
73254
73548
73698
73845
73992
74137
74435
74582
74729
75022
75170
75320
75615
75765
75911
76213
76320
76507
77564
77716
78022
78170
78319
78618
78727
78923
79217
79520
79670
79817
79965
80115
80411
80565
80713
81010
81167
81315
81604
81751
81898
82196
82345
82492
82788
82943
83094
83388
83540
83689
83992
84144
84291
84593
84743
84891
85185
85632
85784
85932
86080
86233
86533
86682
86834
87136
87292
87445
87743
87896
88049
88201
88345
88641
88792
88940
89240
89389
89536
89840
89992
90138
90430
90580
90732
91025
91172
91322
91615
91758
91902
92195
92346
92494
92784
92934
93088
93382
93529
93677
93976
94129
94276
94568
94723
94874
95166
95316
95466
95762
95916
96065
96361
96519
96667
96963
97113
97261
97559
97708
97854
98151
98304
98452
98739
98890
99037
99335
99485
99633
99937
100091
100238
100386
100536
100834
100990
101137
101285
101584
102038
102341
102475
102651
102802
103101
103408
103560
103707
104004
104156
104281
104602
104905
105062
105212
105347
105513
105665
105811
105961
106058
106253
106400
106547
106679
106773
106988
107284
107430
107576
107728
107875
108021
108165
108315
108465
108611
108751
108895
109043
109187
109331
109476
109619
109899
110048
110336
110478
110623
110770
110918
111209
111359
111500
111646
111796
112084
112219
112373
112518
112666
112794
113108
113254
113405
113556
113708
113796
114000
114123
114303
114457
114607
114756
114902
115205
115355
115505
115593
115803
115954
116111
116415
116568
116725
117034
117186
117336
117631
117786
117938
118230
118378
118528
118826
118973
119120
119411
119562
119714
119802
120005
120155
120309
120602
120750
120897
121190
121340
121485
121775
121925
122077
122366
122514
122664
122959
123112
123350
123552
123854
124005
124150
124297
124442
124535
124738
124884
125031
125174
125325
125477
125625
125717
125915
126066
126213
126359
126511
126659
126803
127103
127250
127395
127685
127831
127980
128160
128405
128555
128708
129007
129155
129303
129598
129751
129900
130195
130348
130500
130793
130945
131095
131388
131544
131691
131839
131987
132140
132231
132435
132582
132729
133027
133179
133326
133618
133771
133923
134217
134517
134668
134819
135117
135265
135415
135863
136011
136159
136304
136454
136748
136895
137043
137193
137343
137632
137779
137926
138014
138222
138376
138520
138813
138968
139115
139236
139407
139550
139694
139814
139987
140132
140277
140394
140566
140719
140865
141128
141304
141451
141599
141750
141896
141989
142186
142331
142638
142786
142934
143232
143386
143537
143835
144145
144299
144446
144745
144897
145048
145348
145497
145647
145948
146100
146246
146545
146701
146854
147118
147452
147568
147757
147909
148059
148207
148355
148649
148800
148946
149100
149250
149342
149542
149691
149841
149931
150142
150295
150444
150741
150898
151045
151335
151487
151630
151926
152075
152220
152339
152518
152667
152758
152962
153114
153263
153414
153563
153653
153860
154008
154157
154308
154455
154596
154808
155036
155335
155485
155629
155827
156070
156223
156370
156515
156661
156957
157088
157394
157693
157985
158120
158283
158578
158728
158878
159173
159315
159473
159620
159766
159911
160055
160203
160352
160782
160879
161084
161377
161526
161824
162129
162280
162426
162575
162730
163025
163173
163320
163613
163767
163913
164207
164359
164510
164806
164954
165046
165252
165406
165554
165704
165846
165992
166143
166289
166435
166578
166720
166830
167011
167160
167450
167568
167746
167897
167986
168188
168338
168484
168629
168777
168926
169070
169185
169357
169507
169795
170083
170227
170377
170491
170669
170815
170903
171105
171400
171689
171806
171978
172126
172416
172686
172981
173268
173414
173706
174004
174151
174294
174593
174744
174893
175039
175186
175331
175626
175919
176069
176216
176652
176762
176946
177096
177187
177390
177538
177683
177831
177981
178072
178274
178387
178559
178709
178859
178982
179155
179307
179454
179755
179906
180052
180173
180348
180498
180646
180936
181080
181376
181520
181662
181806
181952
182096
182391
182507
182680
182826
182915
183125
183272
183414
183707
183855
184003
184300
184447
184747
184898
185048
185135
185345
185495
185646
185944
186096
186244
186549
186702
186847
187142
187293
187443
187535
187735
187880
188028
188322
188471
188618
188912
189065
189364
189514
189661
189813
189961
190111
190255
190546
190694
190842
191137
191281
191584
191731
191879
192027
192176
192322
192472
192767
192912
193210
193503
193644
193933
194080
194226
194374
194520
194662
194811
194962
195110
195255
195400
195545
195689
195835
195981
196124
196266
196407
196550
196698
196825
197124
197231
197415
197563
197712
197957
198144
198295
198443
198593
198738
199025
199170
199313
199597
199740
199886
200035
200178
200468
200613
200756
200903
201052
201193
201336
201477
201623
201769
201859
202052
202197
202339
202479
202621
202769
202909
203193
203316
203488
203773
203917
204066
204358
204505
204793
204940
205091
205235
205381
205522
205667
205957
206106
206396
206543
206690
206841
206989
207078
207279
207429
207577
207875
208019
208165
208258
208456
208751
209042
209191
209635
209785
209928
210226
210375
210519
210664
210812
210900
211102
211253
211396
211537
211682
211959
212121
212404
212523
212693
212789
212988
213095
213274
213420
213714
214003
214293
214441
214588
214880
215020
215320
215608
215900
216193
216343
216633
216929
217078
217367
217661
217959
218109
218399
218699
218848
219140
219435
219736
220028
220177
220327
220623
220770
220915
221206
221353
221639
221934
222090
222234
222381
222527
222818
222967
223117
223208
223404
223552
223704
223993
224138
224283
224515
224724
