r
164
329
493
657
822
988
1153
1317
1478
1640
1802
1962
2122
2281
2437
2595
2753
2911
3070
3229
3390
3550
3708
3868
4028
4190
4353
4514
4673
4834
4996
5159
5322
5483
5643
5804
5965
6127
6287
6446
6605
6764
6925
7086
7246
7405
7563
7722
7881
8042
8200
8357
8513
8670
8826
8983
9140
9295
9450
9606
9761
9918
10076
10231
10385
10539
10694
10850
11005
11161
11316
11469
11623
11776
11929
12082
12234
12384
12534
12685
12835
12985
13134
13282
13431
13581
13730
13881
14031
14182
14333
14486
14639
14791
14943
15095
15248
15401
15555
15710
15864
16020
16175
16329
16486
16644
16801
16957
17113
17270
17428
17585
17741
17896
18051
18205
18360
18514
18670
18827
18985
19142
19297
19452
19606
19759
19914
20069
20225
20380
20536
20693
20849
21003
21157
21310
21464
21618
21772
21926
22080
22233
22385
22536
22687
22839
22990
23142
23292
23442
23591
23741
23892
24044
24196
24347
24498
24649
24800
24952
25104
25254
25404
25552
25700
25847
25995
26143
26291
26441
26589
26737
26885
27034
27185
27337
27489
27639
27789
27940
28091
28243
28395
28546
28696
28846
28997
29147
29298
29450
29600
29749
29900
30051
30203
30353
30503
30652
30802
30952
31101
31250
31398
31545
31693
31840
31986
32132
32277
32421
32566
32710
32854
32999
33142
33284
33427
33569
33712
33855
33997
34139
34280
34423
34565
34707
34849
34990
35130
35272
35413
35554
35695
35835
35975
36114
36254
36394
36534
36673
36799
36918
37081
37222
37361
37501
37641
37780
37918
38055
38193
38332
38470
38609
38747
38885
39023
39161
39300
39439
39580
39718
39856
39995
40133
40272
40412
40551
40690
40828
40968
41107
41248
41388
41527
41665
41804
41944
42085
42225
42363
42503
42642
42783
42922
43061
43200
43338
43476
43614
43752
43888
44025
44161
44297
44434
44570
44705
44840
44975
45110
45245
45380
45515
45650
45784
45918
46053
46188
46323
46457
46591
46726
46860
46995
47129
47263
47397
47531
47665
47799
47933
48066
48200
48332
48464
48597
48731
48863
48995
49127
49259
49391
49523
49656
49787
49918
50050
50181
50312
50443
50574
50704
50835
50965
51094
51225
51354
51485
51615
51747
51877
52008
52139
52270
52403
52533
52666
52798
52929
53060
53190
53321
53453
53585
53717
53847
53979
54110
54242
54372
54502
54633
54764
54895
55027
55157
55287
55418
55548
55679
55810
55940
56070
56200
56330
56460
56590
56719
56848
56977
57106
57235
57364
57620
57748
57876
58004
58132
58260
58387
58513
58640
58766
58894
59021
59147
59272
59398
59524
59650
59776
59901
60025
60149
60274
60398
60523
60648
60774
60900
61025
61149
61273
61399
61524
61650
61775
61900
62023
62149
62274
62400
62526
62650
62773
62898
63022
63146
63271
63394
63518
63640
63763
63886
64009
64132
64253
64376
64497
64619
64740
64862
64983
65103
65224
65345
65465
65586
65706
65826
65945
66065
66185
66304
66462
66662
66780
66900
67018
67137
67256
67375
67493
67611
67730
67848
67968
68086
68204
68322
68440
68558
68677
68796
68913
69010
69147
69266
69383
69501
69620
69737
69854
69971
70089
70206
70325
70442
70560
70676
70795
70913
71030
71147
71265
71383
71501
71619
71738
71855
71972
72090
72208
72326
72443
72560
72677
72795
72912
73030
73147
73263
73380
73497
73614
73732
73848
73965
74081
74196
74312
74428
74544
74661
74776
74893
75010
75127
75244
75360
75477
75594
75712
75830
75948
76065
76182
76301
76419
76536
76653
76771
76889
77007
77126
77244
77364
77482
77600
77719
77838
77957
78075
78195
78314
78432
78551
78670
78789
78908
79029
79148
79267
79386
79506
79626
79745
79863
79983
80102
80222
80341
80461
80582
80703
80821
80941
81060
81180
81300
81419
81539
81658
81777
81897
82017
82135
82254
82373
82492
82731
82849
82968
83086
83205
83323
83442
83561
83679
83796
83914
84031
84150
84267
84386
84504
84621
84739
84856
84973
85091
85209
85327
85445
85562
85679
85795
85912
86029
86146
86262
86379
86495
86612
86730
86847
86963
87079
87196
87313
87430
87546
87664
87781
87898
88014
88132
88249
88367
88485
88603
88721
88840
88959
89079
89200
89319
89438
89558
89679
89800
89921
90044
90165
90287
90409
90532
90654
90777
90901
91026
91149
91272
91397
91522
91647
91775
91901
92028
92155
92282
92410
92539
92669
92800
92927
93057
93188
93317
93445
93573
93702
93832
93961
94092
94221
94351
94481
94612
94743
94875
95006
95139
95270
95401
95532
95662
95793
95923
96053
96184
96315
96447
96579
96712
96845
96976
97108
97239
97374
97509
97646
97784
97921
98059
98200
98341
98484
98628
98771
98914
99056
99200
99345
99486
99632
99779
99925
100069
100213
100359
100506
100655
100804
100951
101100
101247
101397
101548
101696
101844
101992
102141
102292
102438
102591
102739
102889
103039
103190
103342
103493
103644
103794
103947
104101
104257
104416
104575
104733
105046
105205
105364
105525
105685
105842
105997
106151
106306
106462
106621
106782
106943
107101
107261
107421
107584
107748
107917
108084
108251
108416
108581
108748
108917
109089
109259
109428
109596
109765
109936
110109
110286
110462
110635
110806
110977
111150
111325
111498
111671
111841
112012
112184
112359
112536
112712
112888
113061
113234
113409
113587
113767
113944
114120
114293
114467
114643
114822
115004
115182
115359
115532
115707
115883
116062
116239
116417
116592
116769
116947
117127
117308
117491
117671
117850
118026
118203
118381
118561
118742
118927
119108
119290
119470
119652
119835
120021
120204
120388
120569
120753
120937
121118
121298
121478
121658
121839
122019
122201
122384
122571
122761
122954
123143
123332
123519
123706
123893
124082
124273
124461
124649
124834
125022
125210
125401
125594
125791
125983
126175
126364
126556
126748
126942
127141
127336
127530
127721
127913
128107
128302
128499
128694
128887
129079
129270
129465
129661
129858
130058
130252
130448
130639
130834
131224
131421
131612
131804
131996
132189
132385
132584
132777
132973
133165
133360
133555
133747
133938
134131
134323
134518
134712
134912
135111
135314
135520
135723
135925
136125
136325
136526
136729
136937
137142
137347
137551
137755
137961
138170
138380
138593
138800
139006
139208
139410
139613
139819
140026
140237
140442
140647
140849
141054
141260
141469
141680
141894
142102
142312
142518
142728
142940
143156
143376
143592
143806
144018
144230
144443
144657
144875
145088
145308
145518
145730
145939
146150
146363
146576
146789
147009
147221
147431
147637
147843
148047
148261
148468
148667
148870
149066
149263
149459
149659
149859
150054
150250
150443
150637
150831
151024
151222
151424
151629
151832
152032
152237
152444
152659
152860
153069
153267
153473
153676
153882
154084
154281
154476
154674
154869
155065
155263
155465
155673
155869
156079
156282
156482
156678
156877
157076
157277
157480
157678
157876
158074
158273
158475
158670
158873
159076
159282
159477
159678
159875
160078
160272
160478
160679
160889
161085
161290
161492
161701
161902
162103
162304
162509
162717
162926
163136
163343
163550
163756
163958
164171
164384
164598
164814
165031
165240
165450
165658
165856
166067
166271
166489
166698
166904
167114
167318
167531
167737
167953
168163
168369
168571
168780
168989
169204
169421
169641
169855
170071
170285
170505
170732
170954
171171
171393
171617
171844
172072
172284
172510
172738
172947
173176
173398
173627
173846
174066
174284
174503
174725
174957
175187
175419
175650
175874
176100
176326
176555
176787
177013
177234
177458
177681
177910
178142
178371
178595
178811
179028
179239
179449
179668
179900
180116
180361
180598
180822
181056
181281
181510
181736
181960
182176
182403
182617
182842
183068
183300
183511
183743
183964
184193
184411
184635
184842
185052
185255
185467
185671
185886
186101
186321
186544
186761
186990
187216
187448
187669
187901
188116
188351
188580
188811
189025
189256
189479
189710
189929
190155
190375
190598
190818
191044
191259
191488
191714
191944
192174
192400
192626
192855
193091
193320
193549
193775
194003
194223
194451
194672
194900
195120
195346
195563
195794
196021
196252
196476
196696
196912
197122
197338
197545
197762
197973
198189
198408
198634
198763
198853
199077
199291
199514
199725
199947
200167
200396
200626
200856
201090
201317
201541
201770
202002
202238
202476
202713
202951
203181
203409
203639
203873
204113
204355
204598
204842
205078
205316
205553
205800
206035
206277
206510
206752
207000
207231
207475
207709
207944
208180
208409
208644
208876
209122
209372
209628
209883
210135
210390
210632
210871
211114
211357
211605
211853
212095
212334
212569
212807
213049
213290
213525
213758
213995
214194
214450
214677
214909
215146
215386
215629
215875
216112
216350
216590
216832
217076
217318
217560
217794
218025
218256
218495
218735
218971
219206
219444
219685
219930
220176
220417
220654
220889
221128
221372
221621
221861
222099
222339
222583
222834
223086
223338
223590
223841
224083
224325
224561
224799
