r
135
303
473
642
813
989
1161
1333
1498
1668
1836
2004
2172
2337
2506
2676
2844
3007
3176
3345
3514
3684
3851
4015
4182
4350
4517
4679
4845
5011
5180
5348
5516
5683
5851
6012
6177
6344
6511
6679
6847
7016
7183
7350
7511
7677
7844
8010
8176
8340
8499
8664
8828
8988
9154
9319
9483
9648
9810
9973
10134
10294
10452
10607
10768
10929
11091
11253
11416
11579
11739
11898
12063
12227
12388
12547
12709
12873
13037
13201
13358
13524
13689
13853
14015
14174
14338
14501
14664
14825
14981
15145
15310
15476
15645
15821
15989
16157
16326
16500
16671
16840
17005
17172
17339
17505
17669
17829
17998
18165
18332
18500
18667
18832
18999
19168
19335
19501
19663
19829
19994
20157
20320
20484
20650
20815
20980
21141
21306
21470
21632
21794
21960
22127
22293
22458
22623
22790
22956
23122
23283
23446
23610
23774
23937
24101
24265
24437
24607
24773
24940
25105
25268
25437
25603
25770
25934
26094
26264
26432
26601
26769
26935
27101
27271
27440
27609
27774
27940
28108
28276
28443
28612
28781
28950
29115
29279
29446
29611
29776
29938
30097
30263
30427
30592
30753
30912
31076
31239
31401
31561
31720
31886
32050
32215
32377
32539
32704
32869
33033
33191
33354
33515
33677
33837
33994
34153
34315
34476
34638
34800
34960
35125
35288
35450
35608
35767
35932
36096
36259
36424
36585
36748
36913
37076
37240
37402
37560
37725
37890
38055
38220
38382
38545
38710
38874
39036
39196
39359
39521
39683
39843
40000
40160
40319
40478
40636
40790
40944
41102
41259
41414
41567
41719
41876
42032
42189
42344
42503
42661
42820
42976
43130
43286
43445
43601
43757
43912
44065
44223
44379
44536
44692
44844
45001
45155
45312
45468
45625
45782
45938
46091
46251
46410
46568
46725
46878
47035
47192
47347
47500
47651
47807
47963
48119
48276
48432
48586
48737
48893
49046
49196
49351
49504
49658
49811
49961
50110
50261
50413
50561
50708
50858
51004
51152
51302
51451
51598
51744
51889
52038
52187
52334
52480
52626
52774
52921
53068
53213
53358
53504
53651
53796
53941
54083
54229
54375
54520
54663
54806
54954
55101
55245
55393
55541
55689
55837
55982
56129
56276
56423
56569
56714
56860
57005
57150
57292
57436
57582
57727
57873
58017
58159
58304
58450
58597
58741
58884
59030
59179
59325
59468
59616
59765
59913
60058
60205
60354
60502
60648
60791
60936
61084
61230
61373
61522
61669
61813
61959
62107
62254
62400
62545
62690
62839
62985
63130
63278
63427
63576
63722
63867
64013
64161
64308
64454
64600
64743
64889
65036
65182
65326
65470
65618
65766
65914
66060
66205
66352
66501
66650
66795
66938
67087
67236
67383
67529
67675
67822
67970
68116
68260
68403
68548
68695
68840
68983
69126
69270
69416
69562
69705
69848
69994
70141
70287
70432
70576
70725
70871
71018
71162
71306
71452
71600
71744
71887
72029
72175
72320
72467
72612
72756
72905
73051
73198
73342
73484
73628
73771
73915
74058
74197
74340
74483
74626
74766
74905
75046
75187
75328
75467
75606
75747
75889
76030
76171
76310
76454
76597
76737
76880
77023
77166
77306
77448
77589
77730
77871
78013
78150
78290
78430
78569
78707
78848
78989
79128
79266
79406
79547
79687
79825
79964
80106
80245
80383
80520
80659
80800
80938
81077
81215
81353
81492
81632
81768
81907
82046
82185
82322
82461
82601
82739
82878
83016
83153
83290
83429
83568
83705
83841
83978
84116
84253
84389
84523
84660
84798
84935
85070
85205
85343
85481
85618
85753
85891
86163
86299
86433
86570
86707
86842
86978
87115
87252
87390
87526
87661
87795
87931
88067
88201
88334
88468
88603
88737
88870
89002
89136
89270
89404
89537
89670
89804
89938
90073
90206
90339
90473
90608
90742
90875
91007
91141
91275
91409
91540
91673
91807
91941
92075
92207
92342
92479
92616
92752
92887
93023
93162
93301
93437
93571
93707
93843
93979
94112
94244
94379
94514
94647
94780
94913
95048
95183
95316
95449
95583
95716
95851
95982
96114
96246
96378
96511
96642
96773
96905
97037
97169
97300
97429
97561
97694
97826
97957
98088
98221
98353
98485
98616
98748
98880
99012
99144
99275
99404
99535
99666
99797
99927
100057
100187
100319
100451
100580
100711
100844
100977
101109
101240
101373
101507
101640
101771
101901
102033
102165
102295
102425
102556
102687
102819
102949
103077
103208
103339
103469
103598
103727
103857
103988
104118
104246
104376
104507
104636
104765
104894
105023
105153
105282
105409
105538
105668
105798
105927
106055
106185
106315
106445
106573
106701
106830
106959
107088
107215
107342
107470
107598
107727
107855
107982
108111
108240
108369
108496
108625
108754
108883
109011
109139
109269
109398
109528
109656
109786
109916
110047
110176
110304
110434
110564
110694
110821
110950
111080
111208
111336
111463
111592
111721
111849
111976
112105
112234
112361
112488
112616
112745
112873
113000
113128
113256
113384
113511
113638
113766
113894
114022
114150
114278
114407
114537
114665
114792
114921
115051
115178
115304
115431
115559
115686
115812
115938
116064
116191
116317
116441
116568
116694
116820
116945
117070
117197
117323
117451
117576
117683
117829
117956
118082
118206
118332
118458
118583
118707
118830
118955
119079
119203
119326
119451
119576
119700
119823
119947
120073
120198
120322
120448
120573
120700
120825
120950
121075
121201
121326
121451
121576
121702
121826
121951
122076
122202
122327
122451
122576
122701
122827
122951
123075
123200
123325
123448
123571
123695
123818
123942
124063
124186
124309
124432
124554
124676
124799
124921
125044
125166
125287
125409
125532
125653
125775
125896
126018
126140
126261
126383
126506
126627
126748
126870
126992
127113
127234
127354
127476
127597
127717
127837
127958
128080
128201
128321
128443
128564
128687
128808
128930
129051
129173
129295
129416
129537
129660
129784
129907
130028
130152
130277
130401
130523
130647
130771
130894
131016
131139
131262
131385
131506
131627
131749
131870
131990
132110
132230
132351
132470
132590
132710
132831
132950
133069
133189
133308
133429
133548
133667
133787
133908
134027
134147
134267
134388
134509
134628
134749
134870
134990
135109
135229
135350
135470
135589
135708
135827
135948
136066
136185
136305
136426
136545
136665
136786
136907
137027
137148
137270
137390
137633
137755
137876
137995
138116
138237
138357
138476
138597
138716
138837
138958
139078
139200
139319
139438
139559
139678
139796
139916
140035
140153
140270
140389
140508
140626
140744
140862
140982
141101
141220
141341
141463
141584
141707
141832
141957
142081
142207
142335
142463
142591
142718
142846
142976
143107
143236
143367
143501
143634
143765
143899
144034
144169
144303
144438
144576
144714
144849
144985
145123
145262
145398
145536
145675
145813
145948
146086
146225
146363
146499
146636
146776
146913
147048
147185
147322
147457
147590
147726
147864
148002
148137
148276
148416
148554
148692
148831
148968
149105
149243
149379
149513
149647
149782
149916
150048
150184
150322
150459
150595
150733
150871
151009
151150
151290
151429
151571
151715
151857
151998
152141
152288
152435
152580
152725
152877
153028
153180
153331
153489
153646
153801
153954
154113
154270
154423
154580
154739
154896
155039
155213
155376
155534
155689
155844
156003
156160
156315
156468
156628
156787
156944
157098
157258
157419
157577
157732
157887
158046
158204
158360
158512
158670
158827
158982
159134
159293
159452
159609
159764
159926
160088
160251
160414
160582
160748
160912
161076
161246
161414
161579
161744
161913
162082
162246
162410
162580
162744
162905
163070
163238
163404
163568
163737
163906
164071
164234
164403
164568
164729
164894
165059
165221
165381
165547
165711
165873
166036
166203
166369
166532
166696
166865
167031
167195
167363
167532
167700
167866
168037
168206
168373
168542
168716
168888
169058
169228
169400
169568
169731
169901
170069
170235
170399
170570
170738
170905
171070
171239
171406
171572
171740
171909
172077
172243
172411
172581
172750
172915
173086
173258
173426
173595
173769
173941
174110
174281
174456
174628
174798
174973
175149
175322
175494
175669
175840
176010
176184
176360
176534
176708
176886
177062
177236
177412
177586
177758
177925
178098
178271
178440
178608
178780
178952
179122
179290
179464
179645
179821
179993
180169
180346
180520
180689
180856
181023
181189
181357
181529
181698
181868
182044
182219
182395
182569
182749
182925
183101
183278
183454
183628
183804
183982
184162
184340
184523
184705
184885
185066
185247
185426
185601
185778
185953
186123
186298
186475
186650
186823
186997
187171
187343
187515
187690
187863
188032
188205
188376
188543
188709
188879
189049
189217
189383
189554
189723
189893
190059
190229
190400
190569
190736
190908
191080
191250
191420
191593
191766
191938
192110
192283
192454
192626
192798
192973
193145
193316
193490
193665
193838
194009
194184
194360
194535
194710
194887
195064
195239
195413
195589
195762
195936
196111
196287
196462
196636
196812
196956
197161
197335
197512
197687
197862
198038
198215
198389
198564
198741
198918
199095
199270
199449
199626
199801
199976
200152
200326
200500
200675
200850
201026
201204
201384
201562
201738
201916
202094
202270
202445
202622
202798
202972
203145
203323
203498
203672
203848
204025
204202
204376
204555
204733
204911
205087
205265
205447
205626
205803
205984
206167
206350
206527
206709
206891
207071
207250
207430
207612
207792
207971
208151
208332
208510
208686
208864
209044
209219
209394
209572
209750
209926
210101
210277
210454
210631
210805
210980
211155
211329
211501
211673
211849
212023
212196
212370
212545
212719
212891
213065
213239
213412
213585
213760
213937
214114
214289
214467
214648
214827
215004
215182
215357
215530
215702
215874
216046
216216
216385
216558
216732
216907
217081
217253
217440
217627
217810
217990
218167
218343
218519
218696
218869
219046
219225
219404
219584
219761
219936
220106
220279
220451
220620
220789
220959
221129
221300
221468
221643
221818
221990
222162
222334
222508
222682
222854
223026
223206
223385
223562
223737
223914
224089
224263
224435
224611
224787
224962
