r
123
368
620
863
1095
1316
1529
1744
1955
2186
2412
2650
2898
3137
3386
3624
3860
4110
4358
4600
4829
5075
5310
5544
5789
6047
6304
6564
6822
7075
7295
7518
7733
7946
8354
8562
8792
9049
9325
9564
9798
10040
10284
10525
10753
10979
11210
11438
11655
11867
12078
12288
12496
12714
12927
13127
13337
13564
13797
14051
14327
14575
14816
15042
15271
15500
15713
15926
16133
16352
16576
16799
17025
17264
17495
17750
17997
18252
18503
18761
19014
19269
19519
19770
20018
20278
20555
20819
21041
21252
21457
21667
21876
22066
22252
22440
22639
22851
23078
23319
23572
23832
24078
24315
24552
24803
25048
25273
25503
25726
25944
26168
26403
26638
26868
27107
27332
27566
27794
28014
28250
28483
28731
28976
29204
29447
29673
29894
30123
30348
30561
30782
31011
31232
31448
31666
31884
32092
32316
32551
32791
33027
33267
33484
33692
33905
34118
34325
34536
34757
34982
35202
35429
35644
35866
36094
36321
36541
36765
36970
37177
37374
37561
37741
37928
38125
38337
38558
38784
39007
39237
39476
39715
39950
40188
40437
40677
40906
41135
41361
41601
41832
42058
42283
42509
42730
42951
43187
43430
43670
43910
44157
44403
44644
44873
45096
45313
45535
45764
45990
46207
46420
46628
46850
47073
47289
47505
47730
47951
48167
48385
48604
48813
49020
49234
49458
49684
49894
50083
50273
50466
50669
50875
51085
51307
51537
51755
51976
52202
52436
52673
52898
53118
53332
53536
53736
53944
54154
54368
54578
54797
55010
55225
55448
55681
55916
56156
56387
56614
56851
57087
57312
57542
57768
57997
58210
58415
58621
58832
59043
59254
59464
59683
59900
60114
60333
60552
60771
60989
61208
61426
61648
61876
62107
62318
62514
62708
62905
63109
63318
63528
63737
63944
64150
64360
64571
64995
65213
65434
65656
65892
66117
66556
66788
67020
67254
67485
67708
67940
68170
68391
68612
68838
69057
69274
69497
69725
69955
70184
70421
70659
70881
71101
71320
71523
71730
71935
72143
72354
72568
72783
72999
73209
73420
73631
73843
74052
74261
74475
74688
74901
75113
75319
75526
75730
75936
76144
76355
76567
76791
77022
77257
77500
77734
77966
78189
78413
78619
78826
79020
79210
79410
79604
79783
79972
80160
80359
80563
80786
81016
81259
81501
81742
81998
82270
82547
82802
83054
83295
83527
83763
84003
84242
84471
84702
84942
85179
85404
85639
85879
86114
86344
86581
86814
87035
87258
87484
87711
87933
88154
88381
88617
88849
89079
89314
89543
89772
90009
90246
90472
90699
90923
91151
91374
91602
91831
92052
92273
92493
92716
92937
93153
93375
93597
93810
94029
94246
94465
94683
94900
95123
95350
95565
95784
96002
96219
96448
96677
96894
97120
97345
97566
97791
98009
98215
98416
98611
98802
98997
99195
99394
99594
99801
100006
100215
100429
100639
100844
101048
101258
101473
101691
101909
102134
102346
102556
102767
102985
103209
103437
103655
103872
104086
104295
104501
104706
104916
105127
105336
105551
105769
105983
106192
106401
106602
106787
106972
107158
107355
107556
107763
107987
108214
108441
108671
108891
109112
109335
109552
109766
109984
110202
110416
110630
110847
111065
111274
111482
111691
111902
112110
112321
112537
112751
112961
113176
113388
113603
113823
114045
114263
114488
114714
114916
115115
115311
115505
115699
115894
116095
116294
116501
116704
116902
117106
117307
117506
117698
117892
118082
118281
118491
118691
118895
119098
119305
119508
119708
119901
120105
120297
120478
120651
120825
121005
121199
121393
121596
121802
122002
122196
122403
122616
122827
123042
123259
123472
123697
123927
124148
124367
124575
124773
124970
125170
125372
125570
125771
125974
126181
126386
126603
126823
127046
127264
127481
127697
127922
128151
128378
128596
128808
129009
129198
129385
129575
129774
129983
130201
130422
130639
130857
131075
131293
131508
131714
131925
132133
132345
132550
132760
132968
133175
133388
133607
133825
134037
134250
134463
134675
134875
135059
135252
135447
135645
135850
136060
136275
136494
136705
136917
137129
137335
137531
137723
137905
138085
138255
138433
138617
138825
139042
139255
139461
139668
139876
140089
140302
140518
140738
140976
141216
141473
141718
141967
142201
142424
142640
142852
143060
143267
143695
143912
144123
144340
144562
144786
145006
145236
145469
145701
145937
146177
146410
146631
146854
147075
147294
147509
147727
147945
148164
148380
148590
148807
149023
149243
149457
149672
149883
150083
150286
150486
150689
150887
151092
151296
151497
151697
151904
152119
152332
152546
152762
152975
153184
153403
153623
153842
154072
154299
154523
154752
154977
155195
155420
155644
155857
156068
156280
156497
156706
156921
157139
157362
157578
157801
158021
158235
158457
158686
158913
159148
159375
159597
159828
160056
160278
160735
160959
161196
161436
161668
161894
162123
162355
162574
162789
163008
163230
163445
163662
163884
164117
164346
164568
164783
164997
165209
165408
165607
165794
165972
166157
166337
166514
166682
166855
167034
167228
167436
167646
167853
168066
168286
168511
168733
168964
169196
169424
169642
169862
170086
170308
170527
170741
171176
171401
171621
171841
172070
172301
172533
172762
172992
173218
173453
173682
173906
174131
174357
174580
174800
175015
175226
175438
175640
175836
176032
176228
176420
176607
176795
176986
177186
177399
177623
177842
178050
178250
178445
178641
179017
179188
179358
179526
179708
179890
180063
180233
180405
180580
180763
180954
181157
181362
181563
181761
181966
182177
182393
182604
182818
183045
183272
183490
183717
183932
184153
184372
184584
184780
184975
185167
185361
185551
185731
185910
186089
186283
186477
186687
187105
187312
187522
187731
187937
188151
188364
188580
188796
189022
189240
189461
189687
189920
190147
190368
190589
190815
191044
191265
191490
191716
191947
192175
192398
192627
192851
193071
193296
193526
193748
193970
194203
194441
194670
194900
195135
195372
195601
195828
196056
196279
196494
196703
196913
197122
197335
197547
197755
197963
198175
198387
198598
198816
199034
199246
199464
199682
199893
200109
200328
200541
200754
200962
201167
201362
201548
201738
201927
202111
202283
202454
202630
202819
203023
203231
203441
203656
203881
204107
204334
204562
204782
205006
205229
205452
205672
205888
206105
206326
206547
206768
206983
207207
207430
207640
207854
208062
208268
208469
208667
208869
209072
209266
209665
209861
210055
210248
210443
210635
210824
210998
211169
211343
211516
211687
211858
212034
212222
212412
212614
212808
213003
213201
213405
213603
213807
214014
214218
214420
214619
214823
215027
215234
215440
215643
215846
216050
216250
216432
216618
216806
217003
217211
217420
217632
217847
218066
218276
218484
218694
218902
219111
219329
219550
219769
220228
220462
220690
220925
221156
221380
221608
221840
222068
222293
222525
222754
222980
223207
223436
223657
223876
224100
224326
224548
224769
