r
117
388
664
934
1202
1482
1761
2043
2321
2594
2871
3151
3424
3695
3953
4187
4411
4630
4845
5093
5347
5602
5874
6147
6433
6706
6980
7251
7527
7805
8080
8347
8580
8807
9039
9277
9541
9814
10075
10328
10582
10833
11082
11333
11588
11859
12127
12395
12655
12911
13176
13427
13668
13903
14150
14385
14608
14843
15104
15372
15627
15890
16158
16418
16693
16944
17199
17455
17712
17963
18195
18429
18655
18876
19100
19357
19594
19863
20128
20407
20685
20957
21232
21505
21775
22048
22312
22581
22851
23125
23399
23672
23932
24178
24427
24677
24925
25176
25411
25634
25851
26080
26363
26609
26895
27181
27476
27763
28054
28341
28624
28917
29201
29485
29770
30041
30332
30618
30897
31189
31481
31765
32059
32346
32633
32919
33202
33477
33743
33977
34202
34425
34645
34885
35126
35401
35694
35986
36275
36551
36828
37091
37342
37597
37848
38121
38393
38677
38963
39243
39524
39801
40083
40369
40650
40938
41219
41503
41775
42017
42261
42488
42706
42926
43211
43459
43742
44035
44332
44620
44910
45206
45503
45787
46075
46356
46635
46913
47190
47472
47754
48026
48304
48582
48841
49095
49365
49625
49890
50141
50393
50625
50847
51071
51303
51551
51807
52067
52334
52594
52856
53112
53371
53634
53890
54140
54390
54643
54911
55171
55435
55692
55945
56203
56450
56712
56964
57210
57455
57692
57938
58183
58427
58701
58961
59219
59473
59725
59997
60254
60517
60767
61001
61222
61437
61654
61903
62140
62403
62666
62931
63206
63486
63765
64031
64297
64568
64842
65127
65401
65682
65959
66235
66509
66780
67041
67309
67564
67805
68028
68260
68519
68787
69052
69320
69589
69861
70134
70406
70670
70953
71227
71507
71786
72069
72346
72626
72911
73189
73466
73750
74025
74311
74588
74867
75153
75435
75720
76007
76290
76575
76851
77132
77411
77689
77968
78242
78516
78794
79067
79342
79596
79848
80075
80293
80530
80758
80998
81259
81536
81807
82084
82363
82604
82844
83078
83310
83543
83784
84047
84301
84533
84779
85040
85304
85577
85847
86112
86358
86606
86861
87102
87331
87553
87777
88004
88238
88495
88734
88979
89236
89482
89728
89961
90196
90444
90685
90913
91130
91351
91581
91825
92088
92343
92617
92878
93151
93422
93697
93972
94244
94520
94805
95075
95358
95630
95908
96182
96457
96738
97016
97289
97573
97841
98119
98394
98660
98932
99213
99490
99766
100032
100290
100525
100772
101005
101229
101446
101676
101962
102209
102484
102745
103010
103304
103596
103879
104162
104451
104725
104999
105252
105513
105780
106041
106301
106578
106848
107129
107401
107672
107947
108205
108468
108714
108964
109226
109505
109774
110050
110321
110594
110866
111134
111394
111660
111926
112196
112472
112730
113000
113267
113523
113784
114035
114267
114502
114762
115030
115290
115549
115826
116101
116370
116620
116864
117121
117394
117670
117955
118234
118511
118789
119064
119320
119585
119848
120098
120350
120601
120858
121087
121312
121552
121804
122066
122333
122598
122863
123132
123397
123639
123879
124102
124319
124550
124808
125059
125325
125585
125847
126118
126396
126674
126955
127231
127508
127788
128053
128321
128582
128842
129092
129366
129651
129915
130177
130426
130690
130969
131245
131523
131789
132047
132277
132503
132736
132987
133248
133502
133758
134015
134274
134530
134781
135043
135317
135583
135850
136109
136373
136620
136861
137102
137350
137602
137848
138111
138376
138653
138931
139205
139491
139765
140044
140318
140602
140876
141143
141411
141677
141927
142168
142418
142684
142932
143184
143453
143726
144000
144250
144479
144707
144926
145160
145410
145652
145901
146134
146362
146593
146822
147056
147281
147530
147781
148019
148272
148515
148765
149030
149309
149592
149864
150143
150418
150700
150990
151278
151570
151841
152088
152324
152573
152848
153130
153411
153691
153972
154263
154534
154815
155094
155367
155650
155923
156186
156423
156703
156948
157176
157400
157704
157987
158255
158549
158830
159085
159330
159586
159818
160068
160323
160604
160886
161159
161418
161682
161950
162225
162499
162776
163045
163322
163597
163870
164146
164428
164701
164981
165254
165530
165806
166073
166337
166608
166888
167150
167395
167620
167839
168052
168265
168523
168781
169070
169352
169639
169921
170213
170504
170796
171083
171365
171635
171909
172183
172446
172697
172963
173231
173504
173779
174041
174309
174582
174847
175098
175334
175574
175843
176097
176357
176621
176872
177116
177364
177615
177877
178128
178399
178661
178915
179157
179402
179651
179893
180125
180351
180572
180807
181087
181364
181623
181880
182141
182387
182658
182952
183241
183530
183821
184115
184411
184701
184986
185275
185566
185854
186146
186433
186727
187009
187290
187577
187850
188132
188409
188698
188978
189261
189553
189832
190119
190403
190684
190972
191250
191536
191817
192103
192388
192664
192942
193225
193503
193786
194062
194341
194607
194878
195113
195348
195608
195882
196151
196426
196703
196977
197260
197535
197809
198095
198365
198638
198909
199186
199472
199748
200026
200302
200575
200859
201129
201401
201675
201935
202213
202488
202762
203041
203303
203569
203825
204072
204304
204536
204780
205060
205353
205630
205914
206186
206469
206737
206989
207259
207525
207791
208066
208332
208602
208864
209130
209394
209668
209948
210214
210480
210746
211007
211275
211531
211794
212067
212338
212621
212898
213180
213476
213751
214005
214261
214522
214774
215038
215322
215597
215880
216438
216720
216987
217273
217551
217820
218090
218356
218625
218887
219143
219416
219682
219948
220213
220495
220753
221017
221269
221519
221757
221986
222205
222437
222692
222964
223233
223493
223745
223998
224256
224521
224785
