r
57
195
332
471
608
747
886
1023
1302
1578
6233
11959
12496
27481
29677
36646
39078
39195
40415
43889
54658
56916
58046
69394
69668
74362
83372
84232
84754
86081
86597
89361
89564
89772
89926
90157
90341
90500
90685
90878
91058
91214
91420
91589
91772
91923
92124
92294
92472
92631
92833
93001
93183
93342
93551
93717
93900
94076
94255
94407
94603
94949
95289
95984
96164
96349
96530
96708
96896
97081
97266
97455
97651
97843
98034
98229
98417
98606
98794
98978
99163
99346
99531
99901
100083
100272
100457
100636
100823
101009
101196
101380
101563
101748
101935
102125
102307
102493
102686
102873
103060
103226
103438
103629
103820
104012
104204
104397
104593
104788
104982
105174
105366
105561
105752
105939
106115
106316
106503
106691
106881
107069
107260
107453
107645
107833
108024
108212
108400
108588
108769
108951
109137
109319
109502
109691
109878
110061
110251
110444
110633
110826
111018
111216
111411
111604
111800
111998
112193
112389
112588
112785
112977
113171
113372
113567
113763
113962
114158
114351
114545
114747
114950
115147
115343
115539
115735
115932
116126
116324
116523
116722
116924
117124
117324
117526
117725
117923
118124
118326
118526
118724
118922
119109
119318
119516
119714
119910
120106
120287
120500
120698
120896
121096
121295
121491
121687
121887
122085
122281
122475
122673
122878
123076
123272
123450
123665
123857
124050
124250
124443
124635
124829
125026
125215
125404
125593
125791
125984
126175
126370
126562
126761
126953
127141
127334
127509
127721
127914
128108
128308
128502
128693
128886
129084
129272
129467
129664
129864
130059
130252
130452
130655
130852
131048
131250
131453
131651
131820
132056
132277
132490
132694
132904
133107
133310
133517
133726
133933
134136
134344
134547
134747
134951
135156
135355
135555
135763
135965
136164
136362
136565
136766
136965
137162
137366
137563
137764
137969
138176
138363
138575
138781
138985
139175
139385
139593
139796
139996
140163
140408
140634
140848
141061
141265
141451
141668
141875
142072
142266
142466
142655
142845
143039
143232
143422
143618
143819
143990
144208
144417
144605
144812
145007
145207
145406
145602
145796
146000
146203
146402
146602
146810
147012
147213
147416
147626
147830
148029
148238
148444
148647
148847
149051
149262
149467
149671
149882
150104
150316
150525
150736
150952
151168
151356
151589
151828
152048
152261
152471
152687
152897
153103
153311
153520
153723
153922
154125
154292
154522
154725
154927
155132
155302
155527
155744
155957
156167
156342
156604
156836
157062
157275
157493
157700
157913
158121
158333
158548
158755
158959
159168
159375
159576
159777
159984
160189
160391
160593
160803
161014
161220
161427
161641
161855
162064
162271
162483
162696
162904
163108
163319
163537
163701
163970
164206
164431
164645
164859
165075
165288
165494
165709
165916
166129
166343
166558
166769
166976
167184
167397
167605
167813
168025
168237
168444
168647
168855
169060
169260
169461
169670
169875
170076
170282
170494
170700
170901
171107
171320
171531
171737
171941
172153
172364
172571
172759
172987
173205
173414
173626
173842
174052
174258
174471
174689
174899
175105
175316
175534
175744
175950
176158
176372
176582
176789
176996
177209
177421
177628
177833
178045
178253
178458
178659
178865
179073
179277
179467
179684
179896
180101
180304
180492
180721
180938
181142
181350
181562
181769
181972
182178
182388
182594
182796
182998
183206
183411
183615
183816
184023
184233
184438
184639
184847
185058
185266
185468
185675
185885
186095
186302
186505
186716
186927
187133
187335
187540
187749
187954
188154
188358
188568
188778
188982
189183
189391
189603
189809
190011
190216
190427
190637
190839
191046
191260
191470
191677
191885
192100
192312
192519
192726
192942
193158
193367
193570
193780
193995
194203
194406
194610
194823
195033
195240
195448
195663
195875
196082
196293
196511
196723
196928
197133
197343
197550
197755
197956
198165
198376
198581
198786
198953
199212
199448
199673
199897
200118
200330
200539
200752
200973
201142
201420
201661
201895
202116
202332
202551
202764
202973
203180
203395
203612
203824
204033
204253
204468
204677
204885
205066
205304
205526
205735
205951
206162
206350
206572
206793
207004
207212
207405
207632
207850
208058
208265
208480
208695
208903
209110
209325
209541
209752
209960
210172
210389
210561
210811
211050
211276
211495
211707
211923
212107
212360
212591
212789
213053
213287
213518
213734
214168
214405
214630
214855
215072
215263
215500
215746
215975
216195
216410
216631
216796
217060
217294
217526
217752
217939
218202
218454
218675
218907
219139
219363
219584
219800
220017
220241
220458
220670
220884
221105
221322
221534
221744
221961
222180
222393
222599
222819
223036
223248
223455
223628
223882
224113
224332
224548
224767
224980
