r
569
788
1014
1236
1698
1926
2183
2661
3119
3362
3846
4081
4327
4562
4797
6220
8066
8506
9390
9831
10055
10491
11381
11600
12031
12251
12904
13569
14014
14233
14456
14674
14898
15335
15552
16217
16874
17545
17770
18425
18647
19534
19757
19980
20421
20645
20870
22194
22417
23531
23753
24433
24664
25543
26195
26414
26846
27063
27496
27716
28798
29447
29881
30314
30760
31214
31657
32542
32761
33192
33412
33628
34281
34497
35145
35362
36457
36900
37339
37564
38652
38870
39087
39962
40408
40865
41315
41545
41767
42660
43107
43548
43765
43990
44214
44650
44869
45084
46377
46595
46810
48567
49484
50743
51417
51643
51877
52104
52787
53461
54141
54818
55261
55484
56137
56567
57199
57409
57621
58069
58492
58708
59139
60265
61824
62044
62263
62943
64096
64790
65013
65243
65696
67507
67729
67961
68644
70180
70399
71735
72175
72621
72848
73536
73757
77130
77356
77799
78711
80713
80943
81389
82509
82733
82962
83182
83405
83848
84737
86051
86271
86932
87148
87369
87589
88018
88239
88910
89132
89578
89796
90458
90674
90900
92221
92438
93968
94405
94628
95731
96174
97693
97911
98341
98770
98982
99624
99840
100057
100492
100922
101141
101798
102020
102236
102676
103108
103327
103542
104419
104641
105741
106181
106612
106831
107271
107498
107718
108171
108393
108615
108843
109287
109518
109741
109966
110409
111081
111308
112232
113114
114687
114914
115583
115802
116243
117124
117345
117787
118008
119332
119766
120427
120884
121335
121557
121987
122420
123080
123957
124179
124854
125309
125769
126008
127406
127638
128081
129426
129901
130126
132672
133624
133858
134319
134808
135040
135760
138049
139702
139930
140162
140388
140866
141098
141775
142675
142898
143367
143596
143822
145617
146748
147427
147884
148579
149260
149487
150627
151320
151558
151793
153882
154119
155293
155526
155983
157139
157588
157822
158281
158953
160535
161226
161909
162835
163062
165580
166933
167815
169000
169705
169947
170187
170661
171138
171376
171832
173198
173436
174356
174820
175057
175802
176267
176497
177236
177717
178426
178888
179125
179597
179834
180077
181288
181762
182002
182721
183203
183682
183913
184580
184797
185038
185258
185470
185693
185913
186126
186338
186549
186758
186969
187368
187585
187790
187992
188192
188392
188591
188789
188988
189190
189401
189612
189821
190035
190249
191119
191334
191552
191772
191992
192210
192429
192648
192859
193068
193277
193499
193745
194004
194247
194491
194723
194948
195177
195408
195864
196089
196307
196526
196742
196953
197168
197382
197596
197814
198032
198254
198480
198702
199137
199352
199561
199775
199986
200196
200406
200826
201044
201260
201690
201903
202118
202332
203158
203766
203970
204172
204374
204578
204778
204982
205185
205790
206193
206397
206593
206792
206990
207186
207377
207573
207767
207967
208166
208361
208560
208951
209147
209336
209526
209716
210094
210190
210865
211254
211667
212072
212688
212884
213479
213875
214272
215048
215240
215827
216228
216837
217248
218057
218466
218876
219077
219484
219689
220284
220694
220897
221718
222535
222741
223782
223986
224586
224980
