r
163
371
580
789
998
1415
1829
2033
2442
2645
2842
3044
3240
3440
3638
3839
4037
4237
4399
4636
4843
5043
5244
5448
5792
6037
6265
6474
6680
6887
7039
7292
7515
7727
7938
8147
8293
8549
8709
8968
9201
9413
9618
9826
10029
10235
10437
10642
10842
11044
11245
11445
11647
11849
12049
12252
12454
12658
12863
13068
13480
13687
13896
14107
14317
14526
14737
15158
15368
15579
15790
16427
16848
17057
17251
17476
17683
17891
18097
18301
18504
18709
18912
19297
19518
19670
19924
20538
20741
21778
21988
22409
22620
22834
23045
23259
23472
23684
23898
24107
24321
24532
24741
24950
25157
25364
25569
25774
25979
26181
26384
26585
26989
27189
27587
28190
30902
31321
31530
31740
31948
32155
32365
32570
32986
33195
33398
33603
33809
34012
34217
34419
34623
34826
35235
35440
35645
35851
36058
36269
38627
39059
39199
39460
39919
40129
40343
40549
40761
40966
41174
41378
41583
41786
42194
42399
42603
43009
43420
44245
44663
44875
45086
45939
46152
46364
46577
47000
47635
47849
48058
48476
48890
49097
49505
49911
50115
50319
50523
50729
51142
51351
53682
54106
54318
54529
54744
54953
55166
55375
55585
55792
56001
56204
56410
56608
56811
57012
57208
57409
57609
57808
58414
59857
60275
60694
61114
61520
61949
62172
62590
62795
63004
63208
63363
63616
63822
63965
64202
64430
64634
64813
65034
65237
65438
65640
65842
66045
66661
66868
67076
67283
67913
69188
69402
69613
69826
70038
70251
70464
70674
70888
71295
71515
71720
71923
72127
72330
72735
72937
73140
73343
73548
73956
74162
74577
74785
76689
76902
77113
77325
77536
77748
77957
78170
78380
78591
78800
79010
79218
79425
79630
80040
80246
80448
80652
80853
81055
81260
81873
82080
82287
83966
84387
84596
84807
85018
85230
85441
85649
85860
86072
86284
86699
86903
87108
87310
87512
87914
88114
88311
88512
88710
88910
89111
89513
89716
90124
91934
92187
92422
92842
93052
93264
93895
94103
94312
94517
94927
95326
95537
95942
96145
96758
97168
97372
97761
97992
98987
99460
100090
100301
100511
100722
100934
101145
101565
101986
102192
102400
102605
102809
103014
103216
103422
103624
103827
104028
104233
104434
104637
105044
107136
107348
107560
108195
108404
108615
108825
109033
109243
109450
109657
109862
110067
110269
110474
110677
110877
111080
111280
111484
111687
112499
113478
113728
113939
115404
115591
116009
116245
116457
116665
117080
117272
117494
117702
117907
118112
118317
118522
118726
118928
119132
119297
119533
120939
123023
123485
124114
124322
124532
124738
124948
125153
125360
125567
125773
125977
126181
126383
126585
126787
126990
127390
127589
127790
128190
128393
128597
131106
131529
131740
131921
132050
132337
133812
134014
134216
134415
134817
135019
135218
135418
135619
135820
139129
139339
139549
139968
140179
140384
140584
140791
140999
141410
141614
141819
142024
143041
143629
146178
146601
147022
147440
147858
148062
148269
148471
148675
148878
149081
149283
149485
149686
149887
150090
150291
150493
150899
151104
151312
151519
151937
152148
153639
153850
154272
154481
154694
154901
155113
155322
155531
155738
156151
156356
156554
156757
156960
157163
157363
157969
161531
161743
161954
162166
162588
163007
163214
163422
163627
163832
164039
164243
164447
164852
165256
165457
165660
165862
166066
166478
166686
169657
169871
170083
170508
170657
170909
171143
171323
171559
171749
171971
172126
172363
172901
174403
175866
176287
176500
176714
177141
177355
177569
177784
177996
178208
178419
178630
178841
179260
179469
179675
179883
180089
180296
180500
180705
180908
181112
181315
181521
181928
182133
182338
182543
182750
182956
183582
184640
184853
185065
185278
185491
185703
186128
186338
186549
186762
186973
187185
187392
187599
187807
188217
188422
188822
189026
189428
191475
191715
192768
192979
193399
193610
193817
194027
194444
194649
194857
195267
195470
195673
195876
196079
196281
196486
196688
196892
197095
197238
197474
197708
197855
198096
199572
200407
200953
201125
201289
201792
202029
202261
202673
202874
203075
203275
203476
203675
203875
204678
205048
207551
207965
208381
208798
209006
209213
209422
209833
210038
210243
210651
211057
211460
211615
211849
212065
212419
213451
215126
215545
216381
217009
217216
217425
217629
217836
218039
218243
218446
219054
219254
219456
219658
220063
220268
223609
224030
