r
13
471
895
1409
1869
2369
2819
3276
3703
4184
4628
5112
5545
6012
6453
6886
7311
7761
8234
8677
9132
9583
10052
10508
10964
11415
11796
12210
12613
13015
13474
13886
14348
14770
15239
15652
16542
16984
17447
17845
18287
18720
19153
19599
20034
20469
20893
21337
21728
22152
22559
23000
23429
23869
24298
24710
25159
25577
26455
26887
27314
27749
28206
28661
29124
29583
30033
30495
30962
31387
31815
32217
32675
33104
33541
33979
34403
34864
35270
35696
36101
36509
36958
37391
37845
38275
38717
39133
39595
40007
40429
40907
41294
41728
42156
42597
43050
43479
43916
44366
44794
45252
45682
46105
46513
46952
47382
47826
48259
48677
49117
49505
49935
50345
50790
51228
51653
52089
52470
52887
53313
53745
54192
54613
55060
55458
55871
56305
56735
57175
57588
58076
58986
59419
59861
60317
60759
61206
61679
62130
62611
63056
63517
63961
64369
64833
65247
65719
66138
66562
66972
67398
67832
68263
68717
69134
69981
70427
70834
71246
71667
72082
72532
72950
73384
73809
74280
74691
75118
75534
75953
76384
76797
77227
77635
78071
78454
78864
79274
79710
80166
80557
80971
81362
81761
82204
82632
83089
83500
84325
84759
85156
85637
86041
86472
86921
87362
87825
88284
88737
89183
89604
90023
90450
90863
91295
91699
92108
92572
93005
93434
93828
94229
94671
95120
95621
96122
96604
97126
97554
98026
98461
98902
99329
99754
100170
100604
101038
101474
101914
102318
102763
103152
103582
103982
104405
104823
105228
105653
106056
106499
106894
107296
107703
108082
108532
108957
109396
109826
110285
110703
111141
111552
111992
112409
112840
113275
113674
114123
114528
114936
115348
115778
116211
116642
117065
117472
117917
118786
119187
119631
120055
120494
120929
121351
121784
122214
122643
123022
123449
123849
124281
124746
125173
125609
126016
126455
126854
127267
127655
128063
128481
128908
129329
129759
130217
130637
131064
131488
131951
132356
132798
133212
133646
134052
134473
134909
135305
135744
136148
136546
136996
137384
137830
138240
138677
139109
139542
139975
140404
140840
141233
141669
142073
142487
142921
143328
144136
144593
145004
145433
145863
146287
146710
147137
147567
147953
148377
148767
149160
149595
150018
150445
150853
151281
151664
152083
152523
152948
153374
153769
154186
154577
154998
155426
155836
156279
156706
157123
157545
157969
158369
158841
159237
159673
160089
160511
160934
161362
161808
162232
162676
163105
163558
163973
164395
164800
165244
165670
166094
166496
166913
167309
167713
168148
168555
168998
169403
169836
170259
170667
171086
171495
171930
172329
172754
173168
173587
173980
174399
174798
175221
175637
176041
176470
176885
177329
177720
178157
178570
178978
179397
179812
180245
180628
181030
181438
181826
182234
182618
183021
183431
183836
184250
184654
185055
185447
185870
186261
186706
187112
187542
187966
188393
188820
189237
189659
190073
190500
190910
191354
191743
192165
192577
193003
193454
193841
194280
194698
195107
195518
195921
196341
196761
197188
197602
198030
198436
198870
199261
199689
200096
200498
200945
201367
201826
202239
202677
203094
203519
203906
204332
204740
205114
205514
205965
206385
206812
207254
207660
208107
208523
208945
209402
209822
210287
210698
211169
211581
212014
212465
212888
213329
213721
214139
214559
214968
215400
215801
216238
216638
217037
217462
217871
218334
218724
219149
219553
219978
220417
220860
221292
221717
222126
222534
222959
223352
223777
224179
224586
