r
139
400
634
871
1114
1343
1565
1800
2025
2257
2500
2761
3017
3256
3800
4063
4595
4859
5118
5642
5906
6411
6648
6875
7107
7356
7893
8135
8638
9089
9332
9564
9814
10075
10606
10860
11126
11662
11927
12182
12421
12647
12885
13133
13385
13625
13877
14395
14631
14871
15098
15314
15524
15730
15936
16149
16391
16652
16914
17435
17971
18222
18479
18749
19014
19266
19799
20330
20849
21098
21330
21554
21788
22012
22498
22769
23038
23282
23529
24029
24261
24495
25263
25503
25749
26003
26259
26505
26754
27005
27266
27519
28046
28566
29060
29308
29552
29794
30053
30307
30544
30779
31245
31462
31686
31945
32195
32720
32982
33226
33464
33706
33943
34177
34429
34945
35198
35447
35690
35927
36161
36383
36605
36841
37086
37328
37572
37802
38028
38254
38485
38713
38933
39144
39364
39595
39823
40057
40310
40581
40840
41076
41310
41563
41826
42081
42589
42865
43405
43939
44197
44444
44690
45154
45381
45902
46440
46714
46974
47225
47480
47761
48299
48563
48836
49106
49367
49620
49879
50141
50391
50641
50899
51163
51416
51912
52145
52373
52609
52850
53097
53326
53554
53796
54040
54298
54567
54835
55073
55307
55544
55782
56024
56254
56494
56739
56995
57242
57488
57752
58022
58286
58547
58821
59095
59350
59595
59849
60105
60352
60587
60815
61246
61461
61687
62184
62712
62956
63211
63757
64016
64280
64551
64830
65098
65362
65904
66147
66378
66619
66882
67149
67405
67676
68212
68468
69002
69254
69506
69774
70053
70307
70541
70769
70988
71200
71424
71655
71881
72407
72684
73188
73450
73720
73977
74499
75048
75302
75568
75833
76080
76311
76529
76746
76968
77203
77668
77889
78126
78400
78679
78936
79210
80024
80297
80828
81366
81624
81865
82125
82416
82691
82963
83239
83529
83811
84385
84946
85219
85743
85984
86209
86438
86670
86903
87132
87367
87605
87845
88068
88290
88507
88729
88974
89211
90001
90260
90492
90723
90957
91193
91427
91672
91928
92180
92422
92681
92951
93228
93777
94032
94282
94531
94791
95048
95297
95545
95782
96008
96227
96454
96690
96940
97182
97423
97663
97891
98111
98334
98563
98790
99018
99270
99808
100065
100319
100587
100866
101135
101386
101631
101868
102105
102334
102568
102812
103060
103296
103540
104048
104298
104538
104792
105309
105560
105813
106073
106331
106581
106812
107045
107289
107525
107767
108022
109125
109383
109640
109874
110099
110327
110554
110776
111000
111494
111756
112008
112249
112497
112752
113002
113256
113497
113738
113978
114213
114435
114660
114919
115173
115420
115692
115981
116266
116543
116806
117058
117319
117590
118128
118384
118642
118906
119177
119431
119668
119909
120148
120376
120607
120843
121078
121302
121522
121748
121972
122199
122441
122694
122949
123191
123425
123671
123922
124171
124411
124646
124882
125122
125369
125612
125847
126362
126889
127137
127904
128147
128392
128633
128864
129084
129310
129561
129815
130070
130863
131115
131361
131593
131828
132070
132316
132554
132813
133062
133320
133564
133800
134028
134240
134445
134642
134836
135031
135229
135436
135637
135845
136049
136253
136451
136647
136839
137038
137242
137451
137662
137874
138079
138298
138550
138814
139361
139615
139876
140155
140426
140682
140942
141504
141791
142072
142335
142888
143428
144239
144778
145292
145525
145750
145968
146197
146712
146964
147515
147783
148047
148317
148581
148835
149073
149320
149562
149801
150030
150257
150492
150739
150974
151225
151488
151748
152012
152287
152556
152801
153040
153276
153506
153730
153958
154200
154457
154696
154920
155141
155353
155566
155782
156003
156258
156533
157342
157607
158171
158457
158718
159241
159531
159827
160374
160626
160866
161108
161345
161582
161807
162034
162252
162465
162703
162966
163224
163482
163733
163968
164215
164460
164704
164950
165185
165415
166235
166770
167306
167832
168107
168388
168654
169206
169749
170825
171650
171916
172190
172465
172999
173274
173553
173826
174079
174609
174864
175374
175906
176423
176949
177209
177468
177712
177939
178173
178408
178642
178866
179097
179332
179588
179844
180103
180366
180622
180863
181112
181350
181575
181790
182016
182252
182485
183006
183280
183537
183792
184589
184832
185359
185891
186424
186684
186930
187186
187445
187701
187948
188465
188726
188966
189223
189494
189754
190007
190540
191071
191337
191591
191837
192078
192342
192907
193157
193648
193875
194111
194350
194609
194892
195177
195455
195715
195983
196249
196506
196748
197007
197267
197519
197768
198568
198824
199083
199339
199584
199829
200084
200347
200594
200839
201095
201630
201881
202404
202661
203158
203399
203625
203871
204127
204376
204639
204916
205192
205455
205729
206002
206273
206789
207051
207303
207546
207793
208059
208576
208847
209106
209617
209866
210109
210361
210620
210869
211121
211657
211910
212169
212426
212673
212912
213160
213685
214217
214491
214751
215009
215263
215521
215767
216016
216264
216510
217266
217517
217757
218001
218247
218483
218705
218928
219171
219406
219658
219926
220201
220457
220718
220987
221262
221524
221798
222065
222313
222552
223063
223319
223582
223856
224131
224380
224612
224841
