r
128
247
326
524
788
986
1177
1477
1749
2105
2422
2758
2991
3361
3561
3999
4288
4672
4992
5213
5594
5893
6127
6416
6627
6825
7022
7220
7481
7708
7965
8199
8779
9090
9305
9581
9907
10152
10529
10707
10966
11214
11772
12387
12636
12855
13106
13320
13527
13784
14022
14266
14515
14793
15041
15259
15589
15861
16137
16440
16687
17022
17297
17564
17861
18141
18591
18966
19666
19864
20147
20370
20583
20857
21046
21259
21512
21689
21877
22114
22398
22834
23101
23378
23580
23794
24028
24201
24497
24729
25255
25465
25705
25991
26244
26458
26706
26985
27187
27392
27629
27878
28198
28464
28901
29085
29347
29653
30923
31123
31463
31724
32063
32267
32677
32901
33083
33756
34083
34312
34548
34744
35465
35697
36350
36743
37006
37229
37493
37763
38052
38352
38586
38825
39018
39235
39520
39781
39995
40257
40522
40769
41270
41525
41773
42252
42525
42786
43080
43316
43584
43820
44130
44336
44514
44952
45264
45479
45682
45881
46128
46373
46587
46898
47151
47416
47671
47874
48148
48346
48598
48899
49201
49445
49682
49882
50116
50328
50584
50831
51265
51548
51850
52128
52371
53175
53486
53724
54246
54476
54722
54931
55235
55480
55755
56114
56558
56822
57108
57339
57558
57870
58106
58623
58833
59378
59645
59952
60197
60568
60769
61113
61608
61883
62340
62554
62817
63084
63561
63765
63997
64257
64436
64613
65264
65674
65852
66345
67002
67528
67699
67951
68168
68659
68886
69099
69316
69559
70004
70273
70555
70857
71412
71620
71827
72032
72661
72931
73173
73459
73702
73903
74172
74378
74548
74757
74989
75267
75618
76378
76594
76816
77166
77623
77907
78301
78696
79219
79524
79762
80015
80241
80528
80764
80981
81185
81435
81722
82024
82233
82442
82692
83022
83587
83912
84379
84842
85117
85379
85621
85912
86252
86836
87126
87497
87695
87975
88308
88481
88768
88997
89245
89468
89748
90014
90331
90574
90802
91016
91318
91545
91797
92001
92459
92665
92951
93261
93541
93757
93981
94195
94447
94700
94954
95117
95564
95758
96118
96416
96650
96909
97274
97493
97681
97957
98163
98425
98706
98956
99475
99697
99899
100086
100328
100563
100804
101007
101271
101627
101894
102233
102532
103127
103396
103596
103909
104212
104663
104916
105222
105903
106193
106666
106875
107267
107470
107871
108066
108314
108521
108805
109051
109472
109719
110069
110499
110762
111021
111255
111510
112105
112867
113421
113653
114556
114760
115012
115226
115475
115747
116206
116435
116774
116967
117319
117633
117831
118107
118552
118821
119138
119621
119853
120189
120417
120606
120888
121172
121447
121701
121977
122224
122518
122726
122985
123454
123656
123884
124183
124697
125586
125850
126038
126348
126668
127209
127486
127723
127972
128712
128936
129182
130059
130364
130564
130764
130950
131189
131443
131775
131987
132436
132866
133070
133422
133666
133917
134188
134782
135014
135234
135503
135818
136073
136264
136818
137025
137288
137577
137826
138168
138403
138623
138844
139057
139346
139616
139891
140189
140478
140696
140934
141160
141378
141605
141848
142030
142328
142607
142794
143065
143316
143615
143865
144114
144371
144680
144935
145292
145532
145749
145933
146136
146329
146631
146919
147079
147274
147961
148288
148510
148758
149021
149225
149604
149893
150324
150761
150990
151252
151469
151730
151971
152216
152517
152792
153015
153260
153481
153791
154045
154351
154655
154897
155219
155500
155736
156217
156452
156711
156932
157154
157454
157664
157886
158575
159129
159355
159599
159841
160180
160454
160831
161089
161419
161739
161939
162144
162700
162966
163245
163522
163800
164152
164353
164552
164827
165639
166187
166414
166689
167089
167344
167643
167963
168290
168556
168882
169144
169344
169758
170030
170622
170864
171100
171542
171783
172024
172233
172532
172787
173344
173646
173897
174164
174342
174642
174961
175283
175463
175656
176127
176335
176539
176772
176999
177258
177534
177783
178013
178792
179053
179317
179520
179827
180082
180297
180724
181327
181618
181849
182179
182363
182609
182838
183095
183374
183670
183935
184236
184468
184757
185091
185379
185626
185964
186180
186411
186675
187097
187492
188013
188268
188482
188726
188988
189243
189650
189893
190135
190425
190638
190934
191225
191453
191763
192016
192389
192949
193219
193451
194212
194443
194653
194928
195132
195323
195585
195824
196105
196353
196744
197072
197312
197540
197773
198024
198246
198939
199130
199595
199842
200110
200338
200635
200951
201223
201473
201853
202064
202332
202524
202785
203043
203569
203777
204079
204658
204899
205111
205342
205512
205674
206128
206819
207026
207274
207667
207863
208074
208308
208679
208947
209234
209477
210044
210299
210595
210824
211127
211520
211822
212033
212352
212826
213235
213478
213722
214007
214268
214509
214807
215132
215450
215906
216084
216358
216550
216733
217041
217251
217491
217684
217932
218200
218440
218703
218912
219152
219361
219630
219894
220114
220335
220571
221049
221252
221780
221993
222343
222575
222800
223059
223357
223646
223846
224344
224532
224846
