r
35
775
2576
3324
4287
5549
7682
8370
10906
11121
12816
13025
13710
13922
14135
14604
15033
15437
16527
17272
18086
21906
23772
23987
24668
24897
26270
27396
27620
28028
28529
28927
33012
34409
34663
34904
35370
37386
37891
38830
40885
41134
41650
42617
42876
44317
45254
46417
47086
48092
49487
49666
50281
50476
50902
51983
52959
53642
54402
54611
55075
55570
55850
56287
56770
58538
58806
59034
59237
60210
60434
60637
61338
61737
62243
62523
63020
63436
64404
66367
67558
68299
68510
69394
69627
70872
71351
71801
72243
72447
72659
73879
74820
75057
75739
76228
76450
76928
77435
77640
77892
78373
78607
80442
81367
82039
82237
83495
83719
84407
86629
87097
87391
88838
89791
91581
91791
92479
92747
93186
93399
93789
96743
97265
97565
99268
99686
100379
100616
101123
101662
102131
102383
103048
103304
103860
104077
104345
105193
106089
106345
106596
107112
107396
107897
108252
108525
109101
109337
109734
110651
112128
112635
114699
116178
116449
116975
117934
118380
119531
120749
123912
125280
125729
125949
126617
128676
129875
130453
130936
132194
132901
133366
134294
135217
135877
136154
136471
136957
138470
138980
139457
139896
140101
141010
141302
141807
144056
144651
144951
145420
145643
146154
146639
147651
147963
148384
148661
149196
149466
149901
150152
150387
150619
150886
151365
151601
151837
152070
152535
153229
153923
154617
154849
155770
156226
157603
157832
161584
162269
162495
163858
164543
165449
166131
166360
167162
168113
168349
168617
170261
170492
172064
173132
174059
174961
175393
175644
175874
176150
176387
176874
177094
177288
177548
177802
178508
179433
180156
180589
181952
182276
183067
183578
183836
184115
184364
184606
187166
187405
187878
188117
188348
188583
189883
192618
192871
193078
193327
194031
194721
195412
196067
196566
196800
197035
197499
197728
197958
198191
198417
198903
199647
199844
200602
200838
201327
201829
202806
204291
204500
205050
205558
206992
207276
207953
208202
208641
209368
209664
211178
211401
211692
212235
212433
212641
212890
214736
215255
215950
216157
216656
218317
218605
219311
219569
220064
220294
222826
223116
223844
224365
224664
