r
697
1040
1384
1731
2529
3220
3564
3911
4257
4597
5632
5975
6324
6666
7352
7698
8039
8384
8727
9407
9755
10096
10780
11464
12150
12832
13178
13521
13862
14203
14551
15234
15578
16953
17635
17983
18663
19006
19349
19688
20031
20374
20712
21053
21396
22067
22422
22761
23444
23790
24814
25156
25839
26526
26867
27554
27895
28227
28584
28924
29265
29613
29952
30292
30977
31317
31659
32004
32345
32686
33030
33372
33711
34400
34736
35420
35765
36104
36450
36793
37122
37460
37796
38151
38505
38843
39868
40212
40555
40896
41244
41584
41918
42958
43301
43649
43978
44334
44678
45311
46126
48490
49004
50061
50756
51099
52140
52485
52833
53180
53524
53872
54222
54565
55260
55602
56294
56640
56983
57326
57674
58018
58359
58706
59047
59388
59731
60077
61109
61449
61793
62479
62820
63166
63512
63856
64199
64548
64895
65238
65584
65929
66270
67305
67649
67998
68344
69034
69380
69723
70066
70759
71102
71448
72135
72480
72826
73167
73512
73860
74203
74538
74892
75239
75919
76268
76607
76948
77637
78654
79005
79346
79689
80035
80373
81057
81389
81726
82067
82402
84136
85865
86551
86895
87227
87563
87926
88615
89645
89990
90328
90679
91024
91591
92293
92984
93334
93685
94725
95415
95763
96111
96454
96793
97147
97493
97834
98181
98529
99174
99682
100208
100564
102625
103134
103650
104007
104707
105054
105405
105752
106100
106450
107493
107842
108189
108539
108889
109581
110278
110969
112004
112360
112706
113399
113742
114085
114433
114782
115124
115469
115817
116506
116848
117196
117881
118226
118570
118911
119261
119606
120294
120644
120987
121332
121681
122027
122363
122722
123067
123411
124102
124790
125140
125486
125832
126177
126525
126859
127193
127558
128595
129284
129629
129977
130659
131002
131354
131696
132036
132376
132712
133052
133391
133727
134401
135467
135810
136153
136834
137171
137506
137845
138560
139267
139953
140639
140996
141342
141690
142731
143074
143419
144454
145493
145840
146176
148247
148604
149608
149945
150283
150623
151977
152266
152771
154438
157400
157755
158107
158457
158812
159166
159866
160221
160571
161278
161627
161976
162328
162789
163139
163490
163844
164189
164541
164892
165937
166632
166983
167332
167681
168383
168730
169076
169428
169774
170471
170820
171510
171860
172206
172551
172897
173247
173588
174285
174629
174976
175324
175667
176005
176348
176686
177024
177366
177730
178086
178443
178795
179140
179488
179836
180183
180870
181212
181885
182225
182565
182901
183241
183583
183920
184261
184601
184941
185276
185616
185955
186313
186672
187034
187379
187721
188073
188419
188755
189097
189461
190147
190517
190846
191183
191550
191907
192250
192582
192927
193264
193601
193944
194304
194660
194986
195329
195665
196003
196346
196683
197021
197361
197701
198035
198374
198717
199052
199414
199773
200135
200476
200826
201171
201515
201863
202212
202556
202901
203249
203592
203938
204276
204615
205634
205931
206218
206504
206810
207057
207249
207347
207719
208248
208597
208912
209181
209444
209703
209958
210218
210475
210978
211343
212077
212430
212784
213132
213484
213836
214186
214534
214889
215237
215584
215936
216284
216627
216975
217325
217671
218014
218366
218713
219058
219403
219754
220095
220439
220789
221132
221477
221823
222168
222514
222859
223203
223546
223889
224237
224584
224925
