r
123
331
502
702
881
1100
1269
1477
1651
1856
2034
2253
2424
2636
2804
3019
3196
3412
3578
3791
3960
4175
4343
4558
4731
4943
5112
5322
5495
5708
5881
6090
6257
6476
6643
6852
7025
7233
7407
7608
7784
7996
8163
8371
8540
8752
8929
9139
9307
9516
9691
9899
10070
10281
10450
10656
10830
11044
11218
11423
11600
11813
11985
12202
12372
12584
12755
12963
13137
13352
13522
13739
13910
14124
14300
14516
14687
14901
15077
15292
15460
15671
15845
16055
16223
16432
16605
16815
16987
17197
17371
17579
17747
17956
18138
18348
18523
18730
18903
19099
19285
19496
19667
19877
20048
20261
20442
20656
20828
21037
21212
21422
21599
21812
21980
22189
22366
22575
22749
22958
23134
23340
23513
23721
23893
24101
24279
24485
24652
24856
25036
25242
25414
25617
25790
25999
26170
26375
26548
26759
26924
27133
27302
27514
27688
27893
28067
28275
28451
28659
28829
29037
29213
29421
29592
29800
29982
30189
30359
30568
30746
30955
31127
31334
31510
31720
31891
32103
32283
32493
32668
32881
33053
33264
33442
33651
33825
34034
34206
34414
34593
34800
34969
35179
35354
35564
35740
35947
36120
36327
36501
36709
36881
37089
37263
37472
37649
37858
38030
38239
38415
38624
38799
39008
39182
39390
39559
39767
39943
40153
40328
40532
40709
40914
41089
41295
41470
41677
41852
42058
42232
42366
42588
42796
42982
43187
43364
43571
43747
43954
44126
44333
44509
44716
44893
45102
45272
45482
45660
45866
46043
46253
46424
46631
46804
47011
47188
47394
47564
47772
47948
48151
48328
48532
48710
48912
49084
49287
49462
49665
49839
50042
50217
50421
50597
50799
50976
51180
51354
51558
51733
51937
52108
52312
52489
52693
52866
53073
53247
53451
53628
53830
54008
54215
54386
54588
54766
54970
55149
55353
55530
55736
55910
56113
56290
56496
56674
56876
57047
57257
57429
57635
57810
58014
58194
58397
58576
58783
58958
59165
59337
59543
59716
59922
60099
60304
60482
60685
60856
61068
61240
61443
61619
61827
62005
62213
62386
62593
62771
62983
63159
63359
63540
63747
63923
64132
64305
64518
64690
64901
65078
65286
65455
65668
65839
66047
66222
66429
66603
66811
66984
67189
67367
67572
67745
67956
68129
68336
68506
68713
68886
69093
69266
69470
69649
69854
70031
70239
70418
70623
70802
71006
71186
71395
71567
71771
72149
72326
72536
72705
72915
73102
73309
73482
73691
73869
74077
74254
74465
74637
74848
75025
75237
75409
75616
75795
76006
76181
76340
76557
76762
76947
77155
77327
77534
77712
77918
78092
78301
78475
78680
78861
79069
79241
79449
79625
79836
80012
80217
80396
80606
80786
80993
81168
81376
81556
81765
81937
82146
82323
82530
82706
82916
83094
83298
83478
83683
83862
84067
84242
84447
84622
84826
85004
85209
85396
85599
85781
85979
86165
86371
86551
86761
86937
87147
87328
87539
87715
87926
88105
88319
88497
88708
88890
89098
89276
89484
89668
89879
90055
90267
90448
90659
90837
91050
91223
91433
91615
91823
91998
92210
92378
92589
92756
92968
93151
93360
93536
93743
93923
94131
94308
94514
94692
94906
95082
95289
95471
95679
95856
96063
96241
96448
96627
96833
97012
97220
97396
97605
97787
97997
98202
98380
98594
98775
98989
99164
99383
99564
99780
99950
100169
100346
100560
100731
100944
101125
101338
101507
101717
101894
102105
102275
102488
102658
102864
103036
103245
103418
103630
103800
104006
104182
104389
104560
104773
104942
105148
105321
105529
105705
105914
106083
106288
106464
106671
106837
107043
107219
107424
107594
107798
107978
108184
108359
108567
108737
108946
109112
109319
109499
109706
109879
110084
110266
110471
110647
110854
111028
111235
111410
111615
111795
112005
112179
112377
112558
112772
112946
113150
113326
113526
113707
113914
114090
114298
114476
114681
114855
115063
115244
115450
115629
115837
116010
116220
116392
116599
116777
116982
117157
117369
117538
117745
117917
118127
118306
118515
118687
118895
119072
119281
119454
119661
119838
120046
120213
120425
120597
120807
120982
121195
121370
121578
121754
121963
122140
122350
122519
122727
122902
123111
123287
123496
123672
123878
124056
124265
124442
124651
124822
125029
125207
125415
125592
125800
125977
126182
126360
126568
126749
126956
127129
127337
127515
127724
127904
128108
128284
128492
128666
128873
129051
129259
129432
129641
129823
130032
130210
130418
130593
130801
130976
131184
131359
131566
131743
131948
132126
132335
132511
132715
132894
133103
133276
133485
133662
133869
134049
134254
134433
134643
134814
135021
135196
135406
135585
135790
135968
136176
136349
136555
136731
136939
137116
137320
137497
137703
137878
138087
138257
138466
138641
138843
139025
139233
139411
139616
139793
140003
140178
140387
140562
140772
140949
141156
141334
141545
141722
141931
142107
142318
142496
142705
142886
143097
143272
143482
143661
143876
144048
144263
144429
144646
144822
145033
145211
145421
145600
145810
145981
146193
146370
146578
146755
146965
147146
147357
147529
147739
147918
148128
148304
148518
148695
148907
149079
149292
149474
149685
149857
150069
150247
150459
150638
150850
151022
151236
151400
151612
151794
152003
152176
152387
152564
152772
152950
153161
153339
153549
153723
153933
154110
154317
154491
154697
154878
155083
155255
155463
155637
155843
156022
156227
156408
156614
156787
156994
157169
157375
157552
157759
157933
158142
158313
158519
158696
158904
159081
159287
159462
159669
159844
160051
160227
160436
160606
160811
160988
161196
161373
161579
161752
161959
162137
162344
162514
162721
162897
163103
163278
163486
163659
163862
164034
164236
164412
164618
164795
165002
165175
165383
165560
165769
165947
166152
166323
166534
166706
166913
167089
167295
167476
167680
167854
168065
168240
168446
168621
168831
169013
169218
169394
169600
169777
169985
170166
170372
170549
170758
170934
171142
171323
171533
171712
171920
172103
172311
172486
172697
172874
173081
173261
173471
173644
173854
174030
174239
174419
174628
174805
175015
175192
175405
175573
175784
175965
176177
176348
176560
176739
176947
177125
177337
177510
177722
177900
178110
178289
178502
178675
178886
179067
179276
179452
179665
179839
180051
180231
180439
180620
180830
181005
181213
181392
181602
181783
181990
182167
182378
182555
182763
182944
183153
183332
183539
183716
183926
184108
184315
184495
184705
184880
185089
185273
185483
185655
185865
186047
186258
186436
186647
186822
187033
187213
187421
187601
187813
187988
188196
188374
188585
188768
188975
189155
189364
189541
189748
189929
190137
190317
190524
190707
190914
191095
191302
191480
191689
191868
192075
192260
192466
192644
192852
193030
193238
193416
193622
193803
194011
194189
194394
194575
194782
194958
195165
195344
195553
195734
195938
196113
196323
196502
196708
196887
197097
197273
197480
197662
197872
198053
198259
198438
198647
198825
199030
199210
199418
199596
199801
199978
200189
200364
200572
200751
200961
201142
201349
201526
201733
201917
202128
202307
202507
202690
202899
203078
203289
203466
203677
203858
204070
204249
204459
204636
204851
205025
205234
205413
205627
205800
206012
206192
206404
206584
206795
206968
207181
207357
207567
207746
207955
208129
208340
208518
208726
208907
209114
209290
209504
209683
209889
210070
210279
210460
210668
210845
211055
211231
211439
211618
211827
212004
212211
212384
212594
212774
212984
213163
213373
213549
213757
213931
214140
214321
214527
214704
214913
215089
215300
215474
215680
215862
216069
216251
216456
216634
216841
217016
217221
217401
217607
217785
217990
218174
218376
218553
218762
218937
219143
219318
219522
219706
219910
220090
220292
220473
220680
220856
221062
221239
221445
221627
221830
222014
222220
222401
222603
222784
222990
223166
223371
223548
223755
223936
224140
224317
224526
224702
224906
