18288.000000 2.320689 351.000000 311.000000 148.000000 -0.012021 190.000000 0.048107 218.000000 -0.061189 286.000000 -0.043341 16.000000 -0.245439 108.000000 0.209499 148.000000 -0.012021
112405.000000 2.306190 307.000000 313.000000 256.000000 -0.096801 279.000000 0.014577 286.000000 -0.073151 290.000000 -0.042728 16.000000 -0.243135 109.000000 0.299077 140.000000 -0.045341
113941.000000 2.217176 309.000000 300.000000 237.000000 -0.109121 261.000000 0.061944 276.000000 -0.066725 279.000000 -0.080346 14.000000 -0.205503 107.000000 0.283605 146.000000 -0.100125
115400.000000 2.341270 309.000000 309.000000 256.000000 -0.109152 273.000000 0.059046 279.000000 -0.050279 286.000000 -0.035813 17.000000 -0.238682 104.000000 0.237887 143.000000 -0.041768
144764.000000 2.467021 338.000000 313.000000 152.000000 -0.028571 188.000000 0.066865 232.000000 -0.112005 293.000000 -0.082351 15.000000 -0.252367 114.000000 0.242339 139.000000 0.001618
145691.000000 2.544091 306.000000 295.000000 143.000000 -0.157665 211.000000 0.103402 218.000000 -0.239121 278.000000 -0.045625 14.000000 -0.241661 103.000000 0.334325 144.000000 -0.170784
149615.000000 2.203699 195.000000 145.000000 47.000000 -0.127807 87.000000 0.173041 114.000000 -0.135972 123.000000 -0.257006 16.000000 -0.246614 80.000000 0.274750 114.000000 -0.135972
150343.000000 2.379745 295.000000 339.000000 281.000000 -0.097150 303.000000 0.019590 316.000000 -0.056946 317.000000 -0.066664 14.000000 -0.235330 107.000000 0.186706 129.000000 -0.040053
153838.000000 2.230299 321.000000 313.000000 255.000000 -0.116445 275.000000 0.075670 291.000000 -0.108575 294.000000 -0.113716 15.000000 -0.310795 98.000000 0.276887 136.000000 -0.146515
155685.000000 2.265456 231.000000 389.000000 328.000000 -0.068053 349.000000 0.024203 367.000000 -0.048868 370.000000 -0.059259 14.000000 -0.270688 102.000000 0.209011 137.000000 -0.085398
158359.000000 2.150455 275.000000 387.000000 334.000000 -0.092383 350.000000 0.025438 364.000000 -0.022758 366.000000 -0.052899 14.000000 -0.216677 100.000000 0.281677 142.000000 -0.133687
161971.000000 2.163480 320.000000 312.000000 241.000000 -0.126376 275.000000 0.007164 288.000000 -0.039436 288.000000 -0.039436 16.000000 -0.193775 99.000000 0.317113 132.000000 -0.149533
446375.000000 2.161867 339.000000 372.000000 316.000000 -0.102369 334.000000 0.007662 341.000000 -0.067354 347.000000 -0.047275 14.000000 -0.223667 106.000000 0.361625 139.000000 -0.067120
500339.000000 2.215093 312.000000 303.000000 147.000000 -0.158683 188.000000 0.034609 216.000000 -0.081410 282.000000 -0.091251 15.000000 -0.181398 107.000000 0.318056 147.000000 -0.158683
