42438.000000 1.201162 299.000000 308.000000 224.000000 -0.109465 247.000000 0.030097 270.000000 -0.142240 292.000000 -0.107113 17.000000 -0.045845 80.000000 0.372445 128.000000 -0.063087
114387.000000 1.620268 604.000000 326.000000 279.000000 -0.068353 305.000000 0.125031 295.000000 -0.058166 302.000000 0.064247 15.000000 -0.235045 98.000000 0.123302 125.000000 -0.082027
118418.000000 1.631911 333.000000 345.000000 300.000000 -0.076615 324.000000 0.133561 304.000000 -0.091881 311.000000 -0.081864 16.000000 -0.114561 92.000000 0.044062 130.000000 -0.096081
121557.000000 1.601772 1034.000000 342.000000 291.000000 0.004003 321.000000 0.117952 311.000000 -0.057346 318.000000 0.062764 17.000000 -0.069215 99.000000 0.055181 127.000000 -0.096323
133798.000000 1.925296 331.000000 365.000000 323.000000 -0.102205 344.000000 0.156713 336.000000 0.017983 343.000000 0.121353 17.000000 -0.113326 95.000000 0.098701 129.000000 -0.046051
159055.000000 1.122038 341.000000 305.000000 225.000000 -0.122117 246.000000 0.006065 265.000000 -0.175972 284.000000 -0.155047 15.000000 -0.319763 89.000000 0.347184 134.000000 -0.096235
167345.000000 1.734297 305.000000 306.000000 265.000000 -0.130880 285.000000 0.097442 279.000000 -0.001932 286.000000 0.132253 16.000000 -0.153714 91.000000 0.040610 132.000000 -0.107477
175963.000000 1.616040 331.000000 343.000000 284.000000 0.055006 322.000000 0.158612 311.000000 -0.042502 318.000000 0.053345 17.000000 -0.100308 94.000000 0.073143 129.000000 -0.081213
181257.000000 1.532982 337.000000 348.000000 263.000000 -0.079142 287.000000 0.030891 307.000000 -0.173152 323.000000 -0.137304 16.000000 -0.122096 97.000000 0.075448 135.000000 -0.086543
183241.000000 1.567801 344.000000 339.000000 255.000000 -0.117409 277.000000 0.022073 293.000000 -0.109337 320.000000 -0.124979 16.000000 -0.102624 102.000000 0.063242 130.000000 -0.077443
197626.000000 1.477441 333.000000 323.000000 236.000000 -0.141082 262.000000 0.011947 281.000000 -0.173288 301.000000 -0.182851 18.000000 -0.078156 82.000000 0.455864 88.000000 0.417009
201435.000000 1.745054 320.000000 323.000000 247.000000 -0.070546 302.000000 0.144219 294.000000 -0.019887 301.000000 0.124234 16.000000 -0.165809 94.000000 0.060024 137.000000 -0.124693
220693.000000 1.912707 649.000000 326.000000 284.000000 -0.140595 305.000000 0.155249 300.000000 0.024685 307.000000 0.210578 17.000000 -0.102779 100.000000 0.091538 130.000000 -0.098695
231539.000000 1.895246 289.000000 289.000000 206.000000 -0.097744 227.000000 0.011912 248.000000 -0.195235 268.000000 -0.161362 17.000000 -0.056088 96.000000 0.082160 134.000000 -0.132132
249906.000000 1.908993 339.000000 333.000000 291.000000 -0.134360 312.000000 0.151895 307.000000 0.036205 314.000000 0.212177 17.000000 -0.147515 101.000000 0.060778 126.000000 -0.114986
285015.000000 1.515891 308.000000 318.000000 235.000000 -0.140767 258.000000 -0.011706 279.000000 -0.209482 299.000000 -0.174986 17.000000 -0.087197 93.000000 0.449669 135.000000 -0.116456
289107.000000 1.566117 319.000000 334.000000 231.000000 -0.151975 266.000000 0.019750 293.000000 -0.209231 309.000000 -0.207366 15.000000 -0.290136 87.000000 0.462602 140.000000 -0.139551
302383.000000 1.532104 294.000000 308.000000 220.000000 -0.141785 249.000000 -0.006065 269.000000 -0.207617 289.000000 -0.179183 15.000000 -0.254619 94.000000 0.428461 136.000000 -0.116198
314327.000000 1.806386 638.000000 334.000000 293.000000 -0.126640 313.000000 0.134943 306.000000 0.009238 313.000000 0.134943 16.000000 -0.054211 89.000000 0.108115 122.000000 -0.105414
328615.000000 1.961968 314.000000 316.000000 232.000000 -0.114356 252.000000 0.034252 273.000000 -0.165341 295.000000 -0.172645 16.000000 -0.151152 95.000000 0.079870 127.000000 -0.090031
330106.000000 1.791033 595.000000 313.000000 270.000000 -0.127367 292.000000 0.136094 287.000000 0.031847 294.000000 0.200796 16.000000 -0.092510 92.000000 0.085424 118.000000 -0.078165
333346.000000 1.876119 677.000000 339.000000 297.000000 -0.151396 318.000000 0.143495 313.000000 0.028070 320.000000 0.203353 16.000000 -0.041469 86.000000 0.069869 115.000000 -0.098407
344479.000000 1.843971 319.000000 336.000000 296.000000 -0.137066 315.000000 0.151836 311.000000 0.037008 318.000000 0.276804 15.000000 -0.277347 100.000000 0.082157 129.000000 -0.102921
345472.000000 1.418108 323.000000 316.000000 230.000000 -0.147257 252.000000 -0.007835 278.000000 -0.185812 296.000000 -0.166847 15.000000 -0.187269 81.000000 0.391822 129.000000 -0.054342
375929.000000 1.874509 299.000000 305.000000 253.000000 -0.061200 284.000000 0.144663 277.000000 -0.006639 284.000000 0.144663 17.000000 -0.055696 90.000000 0.071051 128.000000 -0.101251
379232.000000 1.902417 290.000000 300.000000 244.000000 -0.003215 279.000000 0.183919 269.000000 -0.042603 276.000000 0.083808 16.000000 -0.090447 94.000000 0.060766 142.000000 -0.135459
385168.000000 1.922273 304.000000 626.000000 585.000000 -0.128022 605.000000 0.172200 597.000000 -0.052864 604.000000 0.162043 19.000000 -0.108930 306.000000 1.908013 327.000000 -0.103130
392861.000000 1.281457 296.000000 314.000000 220.000000 -0.101975 250.000000 -0.019405 283.000000 -0.198749 292.000000 -0.215190 15.000000 -0.207776 84.000000 0.406065 127.000000 -0.083621
395639.000000 2.451463 243.000000 726.000000 446.000000 -0.185126 488.000000 2.288607 505.000000 -0.167664 704.000000 -0.200092 15.000000 -0.253319 246.000000 2.432257 263.000000 -0.167762
424114.000000 1.597291 239.000000 249.000000 111.000000 -0.132318 164.000000 0.306773 215.000000 -0.198744 228.000000 -0.190452 17.000000 -0.175703 61.000000 0.229828 91.000000 -0.415987
471603.000000 1.404372 290.000000 295.000000 217.000000 -0.159843 235.000000 0.006209 259.000000 -0.195686 278.000000 -0.157519 16.000000 -0.170048 79.000000 0.374267 126.000000 -0.064699
571815.000000 2.339076 254.000000 261.000000 187.000000 -0.035282 203.000000 0.132414 212.000000 -0.145721 242.000000 0.102930 21.000000 -0.299671 88.000000 0.091553 112.000000 -0.197020
