7614.000000 1.096925 289.000000 206.000000 147.000000 -0.132449 170.000000 -0.000961 182.000000 -0.023405 186.000000 -0.043938 13.000000 0.035485 93.000000 0.038337 147.000000 -0.132449
17425.000000 1.001253 153.000000 351.000000 191.000000 -0.072532 211.000000 0.113282 250.000000 -0.129099 332.000000 -0.059023 16.000000 -0.041914 114.000000 0.565678 150.000000 -0.203693
22296.000000 1.152802 332.000000 302.000000 256.000000 -0.085264 281.000000 -0.026719 283.000000 -0.017314 284.000000 -0.017628 14.000000 -0.014063 90.000000 0.126719 124.000000 -0.056709
22754.000000 0.976063 156.000000 162.000000 43.000000 -0.175031 100.000000 0.039799 118.000000 -0.104102 141.000000 -0.064278 17.000000 -0.059720 88.000000 0.080441 118.000000 -0.104102
23658.000000 1.075468 155.000000 215.000000 161.000000 -0.091958 192.000000 -0.005279 191.000000 -0.015248 198.000000 0.009343 13.000000 0.008493 85.000000 0.044796 110.000000 -0.059199
25360.000000 0.987118 240.000000 265.000000 181.000000 -0.095611 205.000000 -0.020720 215.000000 -0.078165 246.000000 -0.065014 15.000000 0.022163 86.000000 0.087286 118.000000 -0.074219
27042.000000 0.975536 238.000000 216.000000 134.000000 -0.108320 166.000000 -0.032555 192.000000 -0.040139 199.000000 -0.000671 14.000000 -0.014683 95.000000 0.044391 139.000000 -0.109340
29443.000000 0.993231 289.000000 270.000000 138.000000 -0.121769 166.000000 0.002839 197.000000 -0.082522 254.000000 -0.047397 14.000000 0.031536 94.000000 0.088750 138.000000 -0.121769
37199.000000 0.967441 165.000000 142.000000 44.000000 -0.160187 87.000000 0.017147 110.000000 -0.079717 125.000000 -0.037539 13.000000 -0.066555 82.000000 0.064311 110.000000 -0.079717
41040.000000 0.972106 228.000000 221.000000 153.000000 -0.123764 172.000000 0.002754 178.000000 -0.030537 204.000000 -0.058684 13.000000 -0.000388 83.000000 0.059003 100.000000 -0.062459
44333.000000 1.013371 398.000000 317.000000 213.000000 -0.113482 232.000000 0.002693 256.000000 -0.054311 302.000000 0.030816 13.000000 -0.005657 101.000000 0.082241 140.000000 -0.087758
51501.000000 0.939749 250.000000 185.000000 134.000000 -0.131253 164.000000 -0.025191 155.000000 -0.051100 162.000000 -0.045238 18.000000 -0.025956 71.000000 0.030078 84.000000 -0.002227
55261.000000 1.046493 149.000000 259.000000 200.000000 -0.061497 221.000000 -0.039445 232.000000 -0.071249 236.000000 -0.086673 15.000000 -0.046798 90.000000 0.075272 116.000000 -0.147503
58578.000000 1.071634 130.000000 233.000000 177.000000 -0.087313 204.000000 -0.025998 213.000000 -0.068728 214.000000 -0.064011 16.000000 -0.057236 78.000000 0.066290 114.000000 -0.109068
59593.000000 1.136532 260.000000 257.000000 128.000000 -0.094519 167.000000 -0.025925 191.000000 -0.063054 241.000000 -0.002851 14.000000 -0.017341 89.000000 0.062936 116.000000 -0.094928
60896.000000 0.914638 308.000000 250.000000 166.000000 -0.062196 202.000000 -0.034483 213.000000 -0.067225 235.000000 0.002555 13.000000 -0.034232 81.000000 0.112127 103.000000 -0.062219
64308.000000 0.914951 223.000000 214.000000 59.000000 -0.082054 131.000000 -0.027415 151.000000 -0.072493 198.000000 -0.001255 13.000000 0.001551 84.000000 0.056099 118.000000 -0.108450
71068.000000 1.070201 397.000000 212.000000 140.000000 -0.088995 169.000000 0.015864 177.000000 -0.026236 195.000000 -0.099729 12.000000 0.011442 97.000000 0.086287 140.000000 -0.088995
72203.000000 1.025599 151.000000 282.000000 237.000000 -0.104313 257.000000 0.002675 260.000000 -0.017857 262.000000 0.001626 21.000000 -0.094558 89.000000 0.088171 126.000000 -0.106078
75711.000000 1.129513 282.000000 231.000000 119.000000 -0.095320 149.000000 -0.019974 164.000000 -0.066806 212.000000 -0.104280 13.000000 -0.043295 92.000000 0.078146 122.000000 -0.100900
78099.000000 1.163811 149.000000 241.000000 142.000000 -0.130278 169.000000 -0.031065 191.000000 -0.088903 220.000000 -0.050769 13.000000 0.042636 73.000000 0.032735 96.000000 -0.078363
87543.000000 0.969807 183.000000 225.000000 173.000000 -0.071652 197.000000 -0.030212 203.000000 -0.036307 205.000000 -0.041574 12.000000 -0.018081 101.000000 0.002942 117.000000 -0.061873
88361.000000 1.098902 155.000000 227.000000 150.000000 -0.122588 172.000000 -0.021195 178.000000 -0.042183 209.000000 -0.073013 14.000000 -0.032667 96.000000 0.008384 124.000000 -0.081163
88727.000000 0.952221 139.000000 283.000000 227.000000 -0.067291 261.000000 -0.000002 265.000000 0.004308 272.000000 0.148650 14.000000 -0.012294 92.000000 0.040262 106.000000 -0.036336
90337.000000 0.949768 286.000000 274.000000 183.000000 -0.126359 203.000000 -0.033477 215.000000 -0.053931 256.000000 -0.027836 14.000000 0.011034 89.000000 0.060494 113.000000 -0.051305
95248.000000 0.912427 135.000000 353.000000 273.000000 -0.080365 291.000000 -0.009672 326.000000 -0.035800 335.000000 -0.052899 16.000000 -0.048749 80.000000 0.120047 108.000000 -0.045863
96904.000000 0.986218 159.000000 218.000000 127.000000 -0.121976 151.000000 -0.021364 163.000000 -0.062978 203.000000 -0.017839 13.000000 -0.042292 92.000000 0.091140 132.000000 -0.121834
102665.000000 1.041487 139.000000 243.000000 179.000000 -0.110862 205.000000 0.000782 221.000000 -0.032776 226.000000 -0.039326 16.000000 -0.056586 85.000000 0.126877 121.000000 -0.142712
106183.000000 1.058151 134.000000 251.000000 189.000000 -0.068051 216.000000 -0.036845 229.000000 -0.090263 235.000000 -0.053603 15.000000 -0.088274 83.000000 0.118830 111.000000 -0.102599
114900.000000 0.957739 211.000000 223.000000 146.000000 -0.114151 167.000000 0.005645 179.000000 -0.023509 205.000000 -0.055184 14.000000 -0.041554 76.000000 0.073164 98.000000 -0.078400
124737.000000 0.936279 232.000000 146.000000 40.000000 -0.111227 88.000000 0.067714 119.000000 -0.066972 129.000000 -0.058070 13.000000 -0.007277 85.000000 0.062964 119.000000 -0.066972
124883.000000 0.840957 146.000000 264.000000 124.000000 -0.104453 159.000000 -0.012856 191.000000 -0.138998 246.000000 -0.077306 14.000000 -0.065846 89.000000 0.080859 115.000000 -0.099249
128551.000000 0.947429 143.000000 243.000000 128.000000 -0.104337 147.000000 -0.022740 163.000000 -0.052913 228.000000 0.006066 18.000000 -0.065378 85.000000 0.089813 128.000000 -0.104337
146863.000000 1.100332 415.000000 412.000000 324.000000 -0.033092 348.000000 0.080531 370.000000 -0.077682 389.000000 -0.084340 15.000000 -0.072319 96.000000 0.159762 134.000000 -0.055531
165879.000000 1.151318 720.000000 437.000000 341.000000 -0.043157 373.000000 0.084675 396.000000 -0.079606 418.000000 -0.085357 13.000000 -0.100016 104.000000 0.142891 141.000000 -0.030822
173187.000000 0.911050 179.000000 180.000000 126.000000 -0.074729 144.000000 -0.030310 149.000000 -0.034087 165.000000 -0.030671 15.000000 -0.021506 96.000000 0.021868 115.000000 -0.097457
174741.000000 1.015929 180.000000 234.000000 138.000000 -0.084169 174.000000 0.010422 193.000000 -0.092321 216.000000 -0.024124 14.000000 -0.052129 108.000000 0.031944 138.000000 -0.084169
175168.000000 0.881572 193.000000 189.000000 118.000000 -0.090767 155.000000 -0.023592 167.000000 -0.036712 171.000000 -0.055316 12.000000 0.015005 96.000000 0.028873 120.000000 -0.085940
176795.000000 0.981000 270.000000 262.000000 189.000000 -0.119586 208.000000 0.011464 215.000000 -0.006953 244.000000 -0.042362 14.000000 -0.005942 100.000000 0.007632 110.000000 -0.038965
177611.000000 0.922319 184.000000 258.000000 214.000000 -0.084277 237.000000 -0.008385 234.000000 -0.097945 241.000000 0.016269 13.000000 0.023951 93.000000 0.072215 112.000000 -0.003900
180760.000000 0.923088 141.000000 203.000000 132.000000 -0.108087 167.000000 -0.027007 178.000000 -0.038606 182.000000 -0.058842 19.000000 -0.066517 94.000000 0.007275 114.000000 -0.085781
184030.000000 1.079662 141.000000 251.000000 178.000000 -0.093228 200.000000 -0.052320 208.000000 -0.067162 233.000000 -0.099714 18.000000 -0.054745 88.000000 0.064236 132.000000 -0.117817
184431.000000 1.014876 150.000000 170.000000 64.000000 -0.132510 107.000000 -0.000832 131.000000 -0.078278 154.000000 -0.076803 17.000000 -0.041457 101.000000 -0.012509 131.000000 -0.078278
187984.000000 1.003148 660.000000 200.000000 48.000000 -0.117871 123.000000 0.021266 141.000000 -0.102104 182.000000 -0.082920 16.000000 0.013071 105.000000 0.150280 141.000000 -0.102104
205370.000000 1.122849 829.000000 406.000000 274.000000 -0.052653 342.000000 0.090327 367.000000 -0.076414 385.000000 -0.091129 17.000000 -0.103986 93.000000 0.160209 125.000000 -0.045794
207895.000000 1.132662 806.000000 423.000000 326.000000 -0.047481 353.000000 0.068351 383.000000 -0.075912 403.000000 -0.078734 16.000000 -0.066587 105.000000 0.167388 142.000000 -0.029179
223914.000000 0.957989 460.000000 455.000000 357.000000 -0.030991 389.000000 0.076065 409.000000 -0.069577 433.000000 -0.091096 13.000000 -0.048015 101.000000 0.192640 147.000000 -0.033248
227896.000000 1.073546 448.000000 435.000000 341.000000 -0.019418 371.000000 0.089546 405.000000 -0.087398 418.000000 -0.063226 16.000000 -0.074554 107.000000 0.178622 169.000000 0.004639
235806.000000 1.018359 414.000000 594.000000 338.000000 0.073135 448.000000 0.609344 503.000000 -0.027846 575.000000 -0.187099 14.000000 -0.018836 343.000000 0.263010 447.000000 0.609328
238660.000000 0.930532 860.000000 457.000000 349.000000 -0.049058 388.000000 0.073621 421.000000 -0.095706 436.000000 -0.075938 16.000000 -0.039014 112.000000 0.180314 167.000000 -0.010138
244160.000000 1.116882 429.000000 830.000000 720.000000 -0.041199 764.000000 0.082973 765.000000 0.072314 804.000000 -0.084253 18.000000 -0.081170 426.000000 0.644493 491.000000 -0.051856
244990.000000 1.084324 830.000000 446.000000 342.000000 -0.047965 380.000000 0.083667 405.000000 -0.073919 430.000000 -0.035862 7.000000 0.142774 111.000000 0.174558 168.000000 -0.011511
258839.000000 1.018026 822.000000 421.000000 330.000000 -0.031180 356.000000 0.070640 374.000000 -0.049595 401.000000 -0.073796 14.000000 -0.044562 110.000000 0.167528 157.000000 -0.013533
284820.000000 1.015380 439.000000 431.000000 323.000000 -0.016005 370.000000 0.093103 400.000000 -0.052791 414.000000 -0.052040 17.000000 -0.064069 106.000000 0.170227 166.000000 -0.003321
298656.000000 1.036207 418.000000 872.000000 754.000000 -0.037103 807.000000 0.077098 831.000000 -0.071338 850.000000 -0.073845 14.000000 -0.033119 431.000000 0.616014 492.000000 -0.088039
303232.000000 0.989612 785.000000 440.000000 330.000000 -0.054232 371.000000 0.078575 410.000000 -0.098431 420.000000 -0.083746 14.000000 -0.038473 107.000000 0.201329 171.000000 -0.007205
319419.000000 0.943644 873.000000 402.000000 295.000000 -0.061702 340.000000 0.080159 371.000000 -0.079087 385.000000 -0.062883 17.000000 -0.062469 100.000000 0.194370 177.000000 -0.010821
321877.000000 0.983248 816.000000 410.000000 312.000000 -0.038248 349.000000 0.073181 377.000000 -0.091427 391.000000 -0.061505 12.000000 -0.012865 102.000000 0.189910 125.000000 -0.000283
338577.000000 1.080794 455.000000 473.000000 303.000000 -0.510155 381.000000 0.646583 383.000000 0.631662 455.000000 -0.122269 13.000000 -0.031307 99.000000 0.198649 100.000000 0.188947
339837.000000 0.960252 428.000000 442.000000 336.000000 -0.048092 375.000000 0.058524 389.000000 -0.051290 421.000000 -0.086883 13.000000 -0.010877 103.000000 0.197528 154.000000 -0.044145
345347.000000 0.997092 437.000000 809.000000 708.000000 -0.022895 743.000000 0.096130 775.000000 -0.085391 787.000000 -0.083292 14.000000 -0.052860 400.000000 0.684572 460.000000 -0.052771
351683.000000 1.149704 440.000000 781.000000 444.000000 0.665030 469.000000 0.072481 504.000000 -0.036543 763.000000 -0.071016 15.000000 -0.031095 448.000000 0.670470 504.000000 -0.036543
367003.000000 1.011102 823.000000 392.000000 280.000000 -0.045818 329.000000 0.079233 363.000000 -0.089074 378.000000 -0.004434 11.000000 -0.130997 101.000000 0.232738 162.000000 -0.009617
369472.000000 1.080563 821.000000 407.000000 310.000000 -0.029572 345.000000 0.084986 380.000000 -0.052398 388.000000 -0.061552 15.000000 -0.023982 99.000000 0.219760 171.000000 -0.017683
376332.000000 1.009783 791.000000 436.000000 342.000000 -0.035849 371.000000 0.072180 404.000000 -0.078494 418.000000 -0.063120 17.000000 -0.057568 97.000000 0.207503 98.000000 0.202974
381714.000000 1.093950 433.000000 777.000000 419.000000 -0.054941 479.000000 0.634327 481.000000 0.634092 761.000000 -0.059942 14.000000 -0.026457 465.000000 0.370720 481.000000 0.634092
388600.000000 1.065126 421.000000 809.000000 710.000000 -0.035116 747.000000 0.072318 778.000000 -0.081964 790.000000 -0.068377 19.000000 -0.074949 454.000000 0.666701 505.000000 -0.048200
412853.000000 1.155303 153.000000 332.000000 229.000000 -0.056556 264.000000 0.066815 300.000000 -0.081334 313.000000 -0.072178 12.000000 0.012106 95.000000 0.108195 141.000000 -0.053112
424654.000000 0.967274 621.000000 153.000000 30.000000 -0.167648 98.000000 0.077291 125.000000 -0.102240 136.000000 -0.101661 13.000000 -0.139891 90.000000 0.039580 98.000000 0.077291
437306.000000 1.044260 821.000000 728.000000 346.000000 0.317318 457.000000 0.115141 498.000000 -0.027853 709.000000 -0.068649 14.000000 -0.032590 336.000000 0.403697 351.000000 0.318432
439621.000000 0.883489 164.000000 383.000000 272.000000 -0.044380 318.000000 0.069715 366.000000 -0.058637 373.000000 0.063465 22.000000 -0.094628 96.000000 0.103431 131.000000 -0.056948
447007.000000 0.977239 595.000000 503.000000 407.000000 -0.034605 442.000000 0.068120 465.000000 -0.079560 485.000000 -0.065925 11.000000 -0.080598 100.000000 0.124274 126.000000 -0.054078
459587.000000 1.068964 446.000000 410.000000 323.000000 -0.035125 345.000000 0.077976 373.000000 -0.096807 393.000000 -0.066730 13.000000 -0.048875 105.000000 0.179565 146.000000 -0.052361
463131.000000 1.023665 409.000000 448.000000 348.000000 -0.057278 381.000000 0.065222 405.000000 -0.092176 432.000000 -0.050517 18.000000 -0.058624 106.000000 0.227554 148.000000 -0.043963
522564.000000 1.126865 139.000000 365.000000 270.000000 -0.038045 299.000000 0.091709 325.000000 -0.091505 350.000000 -0.009873 14.000000 -0.041255 88.000000 0.110043 115.000000 -0.074852
530879.000000 0.584659 183.000000 535.000000 444.000000 -0.050496 476.000000 0.043217 497.000000 -0.060311 515.000000 -0.061502 16.000000 -0.142960 94.000000 0.281315 120.000000 -0.027290
540001.000000 0.879845 717.000000 692.000000 590.000000 -0.043735 628.000000 0.040969 648.000000 -0.059877 670.000000 -0.051082 7.000000 0.171865 171.000000 0.469176 194.000000 -0.510656
544401.000000 0.889002 707.000000 733.000000 631.000000 -0.031116 677.000000 0.042583 700.000000 -0.065330 710.000000 -0.056413 16.000000 -0.016030 272.000000 0.393811 317.000000 -0.054895
547639.000000 0.602070 155.000000 394.000000 294.000000 -0.043736 327.000000 0.068964 356.000000 -0.101696 369.000000 -0.107966 27.000000 -0.306614 97.000000 0.238407 139.000000 -0.020363
552618.000000 0.580050 174.000000 529.000000 442.000000 -0.036834 467.000000 0.078119 499.000000 -0.064436 509.000000 -0.077792 18.000000 -0.482206 98.000000 0.375086 150.000000 -0.052553
553558.000000 1.037668 411.000000 439.000000 342.000000 -0.051618 370.000000 0.071566 396.000000 -0.104466 430.000000 0.193453 16.000000 -0.019653 105.000000 0.148376 140.000000 -0.042908
559499.000000 0.871142 176.000000 491.000000 402.000000 -0.040375 422.000000 0.059659 446.000000 -0.086928 477.000000 0.009531 17.000000 -0.100678 130.000000 1.108689 155.000000 -0.142594
564262.000000 0.591164 179.000000 545.000000 428.000000 -0.047593 475.000000 0.044353 502.000000 -0.075082 525.000000 -0.069204 25.000000 -0.272580 91.000000 0.350953 148.000000 -0.060459
570815.000000 0.586472 141.000000 202.000000 56.000000 -0.100301 122.000000 -0.058525 133.000000 -0.132868 185.000000 -0.063949 18.000000 -0.409487 97.000000 0.231348 133.000000 -0.132868
572543.000000 0.555971 194.000000 508.000000 404.000000 -0.034644 441.000000 0.027666 455.000000 -0.059701 488.000000 -0.044751 11.000000 0.320908 108.000000 0.208401 145.000000 -0.052324
573990.000000 0.440012 188.000000 498.000000 387.000000 -0.066293 434.000000 0.081376 457.000000 -0.095222 479.000000 -0.064672 7.000000 0.131782 102.000000 0.349717 143.000000 -0.048604
575137.000000 1.193559 148.000000 213.000000 169.000000 -0.047646 191.000000 -0.003651 192.000000 -0.018886 193.000000 -0.024152 16.000000 -0.001710 90.000000 0.041674 112.000000 -0.081600
575857.000000 1.096213 157.000000 190.000000 145.000000 -0.127333 168.000000 0.023777 165.000000 0.020580 172.000000 0.035314 16.000000 0.019753 96.000000 0.073605 124.000000 -0.110436
584970.000000 0.984179 250.000000 242.000000 168.000000 -0.098952 201.000000 -0.042573 219.000000 -0.045990 225.000000 -0.055457 16.000000 -0.001180 88.000000 0.073114 111.000000 -0.076728
600563.000000 0.955955 191.000000 310.000000 184.000000 -0.081418 219.000000 -0.019894 235.000000 -0.046084 291.000000 -0.010329 14.000000 -0.004737 82.000000 0.034647 104.000000 -0.061028
607560.000000 0.786007 142.000000 235.000000 194.000000 -0.094121 214.000000 -0.039122 209.000000 -0.058526 216.000000 -0.014326 17.000000 -0.092429 91.000000 0.047382 127.000000 -0.107348
614944.000000 0.956650 209.000000 179.000000 69.000000 -0.028995 121.000000 -0.031144 137.000000 -0.128386 160.000000 -0.085393 13.000000 0.003484 86.000000 0.030158 108.000000 -0.055391
621401.000000 1.084994 158.000000 226.000000 156.000000 -0.125138 178.000000 -0.026266 201.000000 -0.056001 207.000000 -0.051315 12.000000 0.050494 88.000000 0.050187 108.000000 -0.116423
628701.000000 0.987939 170.000000 206.000000 131.000000 -0.091806 167.000000 0.012268 176.000000 -0.070210 185.000000 -0.054146 14.000000 -0.018579 83.000000 0.109320 104.000000 -0.129269
631391.000000 1.127464 169.000000 166.000000 45.000000 -0.159635 145.000000 -0.067198 137.000000 -0.119344 144.000000 -0.087464 17.000000 -0.071361 82.000000 0.088667 133.000000 -0.140535
635666.000000 1.085984 172.000000 173.000000 111.000000 -0.148150 136.000000 -0.100610 149.000000 -0.113401 155.000000 -0.080392 13.000000 0.007098 83.000000 0.050452 111.000000 -0.148150
