100074.000000 0.501819 624.000000 248.000000 152.000000 -0.098623 170.000000 0.052116 187.000000 -0.063558 234.000000 -0.003164 13.000000 -0.296047 115.000000 0.261566 153.000000 -0.098434
134217.000000 0.733229 247.000000 273.000000 146.000000 -0.054387 199.000000 0.017947 213.000000 -0.060266 258.000000 -0.022352 18.000000 -0.268495 116.000000 0.246632 147.000000 -0.044074
141098.000000 1.039078 270.000000 265.000000 147.000000 -0.044532 190.000000 0.047444 226.000000 -0.063828 250.000000 -0.047196 16.000000 -0.317318 100.000000 0.354134 132.000000 -0.039001
167348.000000 0.817914 977.000000 481.000000 383.000000 -0.026125 408.000000 0.111333 439.000000 -0.057507 463.000000 -0.076443 18.000000 -0.313388 116.000000 0.264945 149.000000 -0.039253
210913.000000 0.780989 248.000000 272.000000 166.000000 -0.051666 197.000000 -0.017936 210.000000 -0.074800 255.000000 -0.044096 16.000000 -0.259797 103.000000 0.338740 147.000000 -0.084502
219303.000000 0.707622 276.000000 271.000000 60.000000 -0.020907 164.000000 -0.022080 182.000000 -0.082471 249.000000 -0.063163 17.000000 -0.196170 110.000000 0.292386 155.000000 -0.047928
284112.000000 0.818794 241.000000 260.000000 144.000000 -0.038583 182.000000 -0.018804 203.000000 -0.085905 235.000000 -0.066597 18.000000 -0.343494 98.000000 0.299613 144.000000 -0.038583
316551.000000 0.740564 208.000000 302.000000 252.000000 -0.029871 281.000000 0.012230 275.000000 -0.038929 282.000000 0.017341 15.000000 -0.255550 102.000000 0.288492 141.000000 -0.087883
333565.000000 0.847307 243.000000 270.000000 142.000000 -0.043538 166.000000 0.006683 180.000000 -0.056279 250.000000 -0.037128 16.000000 -0.330297 106.000000 0.292513 147.000000 -0.062143
350630.000000 0.937020 267.000000 273.000000 150.000000 -0.081755 194.000000 -0.001925 219.000000 -0.066300 254.000000 -0.060595 17.000000 -0.245583 109.000000 0.313745 150.000000 -0.081755
374880.000000 0.941960 652.000000 253.000000 158.000000 -0.077482 187.000000 0.043617 199.000000 -0.017479 238.000000 -0.033198 16.000000 -0.271928 117.000000 0.228914 158.000000 -0.077482
425617.000000 1.021191 1072.000000 435.000000 340.000000 -0.025208 370.000000 0.097709 378.000000 0.002114 418.000000 -0.051912 18.000000 -0.286225 116.000000 0.257252 146.000000 -0.039989
452324.000000 1.090817 2021.000000 473.000000 379.000000 -0.009501 405.000000 0.104624 437.000000 -0.066408 453.000000 -0.063086 18.000000 -0.317679 116.000000 0.244590 151.000000 -0.023373
460545.000000 0.971475 1119.000000 824.000000 728.000000 -0.019746 753.000000 0.071098 777.000000 0.044484 808.000000 -0.047475 17.000000 -0.324368 116.000000 0.265664 155.000000 -0.036781
462304.000000 1.041847 935.000000 903.000000 808.000000 0.010581 833.000000 0.097758 865.000000 -0.055584 881.000000 -0.063705 19.000000 -0.347794 111.000000 0.305369 147.000000 -0.036179
467784.000000 0.951364 417.000000 255.000000 158.000000 -0.102688 201.000000 0.020836 219.000000 -0.068319 239.000000 -0.050154 17.000000 -0.287758 118.000000 0.277688 158.000000 -0.102688
468818.000000 0.805244 249.000000 258.000000 168.000000 -0.070099 187.000000 0.017800 204.000000 -0.091150 239.000000 -0.042497 16.000000 -0.301072 114.000000 0.269557 148.000000 -0.041399
474686.000000 1.002383 1493.000000 402.000000 316.000000 -0.040496 334.000000 0.060553 344.000000 0.006069 386.000000 -0.074983 18.000000 -0.328666 115.000000 0.231196 151.000000 -0.012579
475334.000000 0.930314 246.000000 262.000000 170.000000 -0.069069 190.000000 -0.000905 201.000000 -0.037222 248.000000 -0.034041 16.000000 -0.314718 107.000000 0.278363 137.000000 -0.023253
480081.000000 1.069483 1600.000000 401.000000 303.000000 -0.040514 327.000000 0.132575 360.000000 -0.033305 383.000000 -0.050516 19.000000 -0.243983 111.000000 0.267067 148.000000 -0.160756
480482.000000 0.990533 401.000000 253.000000 63.000000 -0.012559 178.000000 0.006461 223.000000 -0.069666 235.000000 -0.084258 17.000000 -0.301160 106.000000 0.293837 169.000000 -0.079685
483807.000000 0.887051 528.000000 251.000000 158.000000 -0.040644 184.000000 0.063291 190.000000 -0.113072 235.000000 -0.036128 13.000000 -0.259892 109.000000 0.270500 165.000000 -0.045095
490699.000000 0.745598 244.000000 258.000000 152.000000 -0.051545 190.000000 -0.013790 204.000000 -0.092789 241.000000 -0.040814 17.000000 -0.323292 106.000000 0.288327 139.000000 -0.049900
501433.000000 0.939341 266.000000 530.000000 333.000000 -0.027928 377.000000 0.260833 419.000000 -0.076734 510.000000 -0.011171 17.000000 -0.282400 271.000000 1.000397 291.000000 -0.240361
516048.000000 1.064559 1053.000000 839.000000 744.000000 -0.010213 767.000000 0.079784 791.000000 0.017416 816.000000 -0.044605 18.000000 -0.313430 107.000000 0.247041 152.000000 -0.030744
518716.000000 0.953955 905.000000 901.000000 814.000000 -0.004674 836.000000 0.074842 865.000000 -0.094436 884.000000 -0.047712 18.000000 -0.298976 116.000000 0.266683 150.000000 -0.036475
520368.000000 0.763336 245.000000 265.000000 68.000000 -0.009339 169.000000 -0.018101 175.000000 -0.070844 243.000000 -0.115641 14.000000 -0.288967 109.000000 0.280067 154.000000 -0.051878
560859.000000 0.855927 1097.000000 447.000000 350.000000 -0.038885 376.000000 0.089876 405.000000 -0.041427 431.000000 -0.066617 21.000000 -0.221771 115.000000 0.260147 140.000000 -0.013442
598949.000000 0.890565 245.000000 272.000000 151.000000 -0.081601 172.000000 -0.020174 190.000000 -0.082980 256.000000 -0.046490 15.000000 -0.277573 108.000000 0.306486 143.000000 -0.054782
607412.000000 0.762805 248.000000 261.000000 149.000000 -0.071787 190.000000 -0.008572 202.000000 -0.087148 244.000000 -0.061490 16.000000 -0.248060 109.000000 0.290642 149.000000 -0.071787
614619.000000 0.930125 283.000000 726.000000 627.000000 0.001048 646.000000 0.099980 687.000000 -0.052182 707.000000 -0.037465 21.000000 -0.188731 105.000000 0.303760 156.000000 -0.056819
617119.000000 1.034455 869.000000 845.000000 751.000000 -0.009868 773.000000 0.090425 790.000000 0.010190 825.000000 -0.052724 17.000000 -0.302583 113.000000 0.297622 148.000000 -0.032961
